0	10	1.5708063267949	0	0.000124599233010303	-0
4.30681950475776	10	1.5708063267949	0	9.74182291170417e-05	-8.14642817824842e-05
8.61363900951524	10	1.5708063267949	0	2.60062051447604e-05	-0.000125862481484749
12.9204585142727	10	1.5708063267949	0	-4.86223313612852e-05	-0.00010555688601683
17.2272780190302	10	1.5708063267949	0	-6.99015476815481e-05	-4.16444865592075e-05
21.5340975237881	10	1.5708063267949	0	-3.39963131645573e-05	1.46387318681206e-06
25.8409170285454	10	1.5708063267949	0	-4.20110947078946e-06	2.99390870718882e-06
30.1477365333037	10	1.5708063267949	0	-2.98349681377849e-06	1.97772185467413e-06
34.4545560380614	10	1.5708063267949	0	-4.81811977087047e-06	1.20494740210522e-05
38.7613755428198	10	1.5708063267949	0	3.13008036468351e-06	3.23095685677298e-05
43.0681950475783	10	1.5708063267949	0	1.7119682932809e-05	3.61603711136288e-05
47.3750145523371	10	1.5708063267949	0	2.13944507368505e-05	2.50043263098695e-05
51.6818340570969	10	1.5708063267949	0	1.2745506474098e-05	1.19685402501678e-05
55.9886535618566	10	1.5708063267949	0	-2.68019534612999e-06	5.52795806936209e-06
60.2954730666192	10	1.5708063267949	0	-1.77855303266792e-05	6.99438520582058e-06
64.6022925713804	10	1.5708063267949	0	-2.84010591330108e-05	1.38074758878701e-05
68.9091120761422	10	1.5708063267949	0	-3.33958089139079e-05	2.26656703986413e-05
73.2159315808859	10	1.5708063267949	0	-3.34875751798029e-05	3.10429775345715e-05
77.5227510856732	10	1.5708063267949	0	-3.01160029750559e-05	3.75196902711848e-05
81.8295705904066	10	1.5708063267949	0	-2.47522843321237e-05	4.15803912004328e-05
86.1363900952083	10	1.5708063267949	0	-1.85904337739553e-05	4.32862738502858e-05
90.4432095999785	10	1.5708063267949	0	-1.24710077233319e-05	4.29947347577115e-05
94.750029104723	10	1.5708063267949	0	-6.91583450318331e-06	4.11691400041542e-05
99.0568486094909	10	1.5708063267949	0	-2.20059453768377e-06	3.82686752526866e-05
103.363668114295	10	1.5708063267949	0	1.5709505151034e-06	3.46945921128647e-05
107.670487619068	10	1.5708063267949	0	4.4053075405378e-06	3.07711125085714e-05
111.977307123763	10	1.5708063267949	0	6.37331396885103e-06	2.67452861875735e-05
116.284126628519	10	1.5708063267949	0	7.57832995998192e-06	2.27958048292745e-05
120.590946133388	10	1.5708063267949	0	8.13552209375452e-06	1.90449797192922e-05
124.89776563809	10	1.5708063267949	0	8.15919667733764e-06	1.55708279552268e-05
129.204585142937	10	1.5708063267949	0	7.75566268605019e-06	1.24178544438003e-05
133.511404647596	10	1.5708063267949	0	7.01972385725483e-06	9.60603373654707e-06
137.818224152482	10	1.5708063267949	0	6.03344766293363e-06	7.13796766987988e-06
142.125043657294	10	1.5708063267949	0	4.86628848129732e-06	5.0044096083162e-06
146.431863162048	10	1.5708063267949	0	3.57595697674235e-06	3.18842096003191e-06
150.738682666877	10	1.5708063267949	0	2.20964827108114e-06	1.66842968134688e-06
155.045502171338	10	1.5708063267949	0	8.05391163969106e-07	4.20432683721476e-07
159.352321676136	10	1.5708063267949	0	-6.06620530586011e-07	-5.80454784818123e-07
163.659141181102	10	1.5708063267949	0	-2.00278983551676e-06	-1.35893909836088e-06
167.965960685585	10	1.5708063267949	0	-3.36500715470778e-06	-1.93884923817952e-06
172.272780190643	10	1.5708063267949	0	-4.67968090315456e-06	-2.34270018587573e-06
176.579599695129	10	1.5708063267949	0	-5.93690572989774e-06	-2.59144411097052e-06
180.886419200264	10	1.5708063267949	0	-7.12975839601322e-06	-2.7043535987635e-06
185.193238704857	10	1.5708063267949	0	-8.25370793720432e-06	-2.69899572672992e-06
189.500058209947	10	1.5708063267949	0	-9.306125698743e-06	-2.59126687151435e-06
193.806877714656	10	1.5708063267949	0	-1.0285881183415e-05	-2.39546647304825e-06
198.11369721955	10	1.5708063267949	0	-1.11930106757183e-05	-2.12439418303197e-06
202.420516724022	10	1.5708063267949	0	-1.20284470270585e-05	-1.78945943584453e-06
206.727336228632	10	1.5708063267949	0	-1.27938004298258e-05	-1.40079584170361e-06
211.034155733838	10	1.5708063267949	0	-1.34911814644912e-05	-9.67375266456076e-07
215.340975238312	10	1.5708063267949	0	-1.41230590118391e-05	-4.97118232152082e-07
219.64779474346	10	1.5708063267949	0	-1.46921468007611e-05	3.00145779981187e-09
223.954614248188	10	1.5708063267949	0	-1.52013133897757e-05	5.26859064448728e-07
228.261433752232	10	1.5708063267949	0	-1.56535112691621e-05	1.06908880441392e-06
232.568253257909	10	1.5708063267949	0	-1.60517215013721e-05	1.62500142973428e-06
236.875072762464	10	1.5708063267949	0	-1.63989109575342e-05	2.1905093544314e-06
241.181892267182	10	1.5708063267949	0	-1.66979997409503e-05	2.76205900966101e-06
245.488711772252	10	1.5708063267949	0	-1.69518367971731e-05	3.336569989886e-06
249.795531276696	10	1.5708063267949	0	-1.71631821030624e-05	3.9113805031267e-06
254.10235078174	10	1.5708063267949	0	-1.7334694105042e-05	4.48419861081487e-06
258.409170285767	10	1.5708063267949	0	-1.74689213321039e-05	5.05305874345512e-06
262.71598979032	10	1.5708063267949	0	-1.75682973016213e-05	5.61628299624549e-06
267.022809295198	10	1.5708063267949	0	-1.76351380120413e-05	6.17244673204938e-06
271.329628800757	10	1.5708063267949	0	-1.76716414451342e-05	6.72034805412896e-06
275.636448305693	10	1.5708063267949	0	-1.76798886093364e-05	7.2589807402658e-06
279.943267810016	10	1.5708063267949	0	-1.76618457539022e-05	7.78751026999558e-06
284.250087314732	10	1.5708063267949	0	-1.76193674528053e-05	8.3052526074794e-06
288.556906820086	10	1.5708063267949	0	-1.75542003093759e-05	8.81165543232378e-06
292.863726324967	10	1.5708063267949	0	-1.74679871039548e-05	9.30628155157481e-06
297.170545829701	10	1.5708063267949	0	-1.73622712147426e-05	9.78879423988419e-06
301.477365334065	10	1.5708063267949	0	-1.72385012100794e-05	1.02589442967538e-05
305.784184838124	10	1.5708063267949	0	-1.70980355017592e-05	1.07165586181377e-05
310.091004344125	10	1.5708063267949	0	-1.69421469984293e-05	1.11615301145776e-05
314.397823847574	10	1.5708063267949	0	-1.677202769892e-05	1.15938088178042e-05
318.704643353686	10	1.5708063267949	0	-1.65887931814272e-05	1.2013394041692e-05
323.01146285809	10	1.5708063267949	0	-1.639348696291e-05	1.24203274717191e-05
327.318282361955	10	1.5708063267949	0	-1.61870847030222e-05	1.28146870818979e-05
331.625101866619	10	1.5708063267949	0	-1.59704982386294e-05	1.31965817774494e-05
335.931921371481	10	1.5708063267949	0	-1.57445794406122e-05	1.35661466828097e-05
340.238740875913	10	1.5708063267949	0	-1.55101238846808e-05	1.39235389977261e-05
344.545560381539	10	1.5708063267949	0	-1.52678743401261e-05	1.42689343595281e-05
348.852379887101	10	1.5708063267949	0	-1.50185240725271e-05	1.46025236480225e-05
353.159199391617	10	1.5708063267949	0	-1.4762719965884e-05	1.49245101853915e-05
357.466018895513	10	1.5708063267949	0	-1.45010654663041e-05	1.52351072815829e-05
361.77283840149	10	1.5708063267949	0	-1.42341233596966e-05	1.55345360919685e-05
366.079657905037	10	1.5708063267949	0	-1.39624183804028e-05	1.58230237406248e-05
370.386477410732	10	1.5708063267949	0	-1.36864396641298e-05	1.61008016888532e-05
374.69329691572	10	1.5708063267949	0	-1.34066430512026e-05	1.63681043119245e-05
379.000116419412	10	1.5708063267949	0	-1.31234532454158e-05	1.66251676648571e-05
383.306935924018	10	1.5708063267949	0	-1.28372658404475e-05	1.68722284159978e-05
387.613755429528	10	1.5708063267949	0	-1.25484492149921e-05	1.71095229219261e-05
391.920574934605	10	1.5708063267949	0	-1.2257346309167e-05	1.73372864347101e-05
396.227394439439	10	1.5708063267949	0	-1.1964276286258e-05	1.75557524222297e-05
400.534213944085	10	1.5708063267949	0	-1.16695360868126e-05	1.77651519872336e-05
404.841033448453	10	1.5708063267949	0	-1.13734018839919e-05	1.79657133778437e-05
409.147852952354	10	1.5708063267949	0	-1.10761304423148e-05	1.81576615727436e-05
413.454672457704	10	1.5708063267949	0	-1.07779603889299e-05	1.83412179367293e-05
417.76149196345	10	1.5708063267949	0	-1.04791134019829e-05	1.85165999355273e-05
422.068311468014	10	1.5708063267949	0	-1.01797953207199e-05	1.86840209036319e-05
426.375130971227	10	1.5708063267949	0	-9.88019718377901e-06	1.8843689860037e-05
430.681950477791	10	1.5708063267949	0	-9.58049619807668e-06	1.8995811362256e-05
434.988769981539	10	1.5708063267949	0	-9.28085664569386e-06	1.91405853953519e-05
439.295589487112	10	1.5708063267949	0	-8.98143073060338e-06	1.92782072970123e-05
443.602408991071	10	1.5708063267949	0	-8.68235936993208e-06	1.94088677025709e-05
447.90922849683	10	1.5708063267949	0	-8.38377293363917e-06	1.95327525199677e-05
452.216047999665	10	1.5708063267949	0	-8.08579193572313e-06	1.96500429193918e-05
456.522867506204	10	1.5708063267949	0	-7.7885276792358e-06	1.97609153444558e-05
460.829687010931	10	1.5708063267949	0	-7.49208286219208e-06	1.98655415376711e-05
465.136506514221	10	1.5708063267949	0	-7.19655213997626e-06	1.99640885768362e-05
469.443326019859	10	1.5708063267949	0	-6.90202265398147e-06	2.0056718925804e-05
473.75014552537	10	1.5708063267949	0	-6.60857452528296e-06	2.01435904915046e-05
478.05696503015	10	1.5708063267949	0	-6.31628131538065e-06	2.02248566899042e-05
482.363784534514	10	1.5708063267949	0	-6.02521045812037e-06	2.03006665196222e-05
486.670604038742	10	1.5708063267949	0	-5.73542366313346e-06	2.03711646392176e-05
490.977423543027	10	1.5708063267949	0	-5.44697729353166e-06	2.04364914499645e-05
495.284243047471	10	1.5708063267949	0	-5.15992271894491e-06	2.04967831808801e-05
499.591062552118	10	1.5708063267949	0	-4.87430664638274e-06	2.05521719784236e-05
503.897882056976	10	1.5708063267949	0	-4.59017142913304e-06	2.06027859951615e-05
508.204701562026	10	1.5708063267949	0	-4.30755535702216e-06	2.06487494847726e-05
512.511521067217	10	1.5708063267949	0	-4.02649292654991e-06	2.06901828907573e-05
516.818340572459	10	1.5708063267949	0	-3.74701509534585e-06	2.0727202942655e-05
521.125160077606	10	1.5708063267949	0	-3.46914951952176e-06	2.07599227480109e-05
525.431979582462	10	1.5708063267949	0	-3.19292077610232e-06	2.07884518844111e-05
529.738799086817	10	1.5708063267949	0	-2.91835057176297e-06	2.08128964934261e-05
534.045618590529	10	1.5708063267949	0	-2.64545793783294e-06	2.08333593702926e-05
538.352438095659	10	1.5708063267949	0	-2.37425941337726e-06	2.08499400561176e-05
542.659257601366	10	1.5708063267949	0	-2.10476921657e-06	2.08627349236561e-05
546.966077105951	10	1.5708063267949	0	-1.83699940568888e-06	2.08718372687552e-05
551.272896609218	10	1.5708063267949	0	-1.57096002919928e-06	2.0877337393007e-05
555.579716115313	10	1.5708063267949	0	-1.30665926697261e-06	2.08793226900736e-05
559.886535620292	10	1.5708063267949	0	-1.04410356332551e-06	2.08778777270692e-05
564.193355123336	10	1.5708063267949	0	-7.83297750547294e-07	2.08730843269521e-05
568.500174629786	10	1.5708063267949	0	-5.24245165024981e-07	2.08650216451752e-05
572.806994134042	10	1.5708063267949	0	-2.66947757576177e-07	2.0853766249627e-05
577.113813638684	10	1.5708063267949	0	-1.14061946459485e-08	2.08393921928102e-05
581.420633143979	10	1.5708063267949	0	2.42380044899804e-07	2.08219710875379e-05
585.727452647678	10	1.5708063267949	0	4.94412579617834e-07	2.08015721773023e-05
590.034272153568	10	1.5708063267949	0	7.44694041301259e-07	2.07782624041572e-05
594.341091657038	10	1.5708063267949	0	9.93227994765178e-07	2.07521064794152e-05
598.647911163033	10	1.5708063267949	0	1.24001886422999e-06	2.07231669460519e-05
602.954730666781	10	1.5708063267949	0	1.48507186226859e-06	2.06915042445898e-05
607.26155017236	10	1.5708063267949	0	1.72839292503516e-06	2.06571767732104e-05
611.568369676772	10	1.5708063267949	0	1.96998864968247e-06	2.06202409490618e-05
615.875189181364	10	1.5708063267949	0	2.20986623691162e-06	2.05807512652105e-05
620.182008686709	10	1.5708063267949	0	2.4480334363011e-06	2.05387603482711e-05
624.488828189945	10	1.5708063267949	0	2.68449849478668e-06	2.04943190115224e-05
628.795647696121	10	1.5708063267949	0	2.91927010945611e-06	2.04474763101315e-05
633.102467200624	10	1.5708063267949	0	3.15235738085659e-06	2.03982795888791e-05
637.409286704569	10	1.5708063267949	0	3.38376977188329e-06	2.03467745358178e-05
641.716106210399	10	1.5708063267949	0	3.61351706696635e-06	2.02930052265249e-05
646.022925714823	10	1.5708063267949	0	3.84160933466385e-06	2.02370141743051e-05
650.329745218663	10	1.5708063267949	0	4.06805689224166e-06	2.01788423718115e-05
654.636564724489	10	1.5708063267949	0	4.29287027257218e-06	2.01185293365315e-05
658.943384229281	10	1.5708063267949	0	4.51606019215049e-06	2.00561131517553e-05
663.250203733176	10	1.5708063267949	0	4.73763752244487e-06	1.99916305090499e-05
667.557023238177	10	1.5708063267949	0	4.95761326136033e-06	1.99251167447136e-05
671.863842743532	10	1.5708063267949	0	5.17599850738272e-06	1.98566058804926e-05
676.170662248172	10	1.5708063267949	0	5.39280443480701e-06	1.97861306593672e-05
680.477481752242	10	1.5708063267949	0	5.60804227024387e-06	1.97137225800942e-05
684.78430125693	10	1.5708063267949	0	5.82172327076681e-06	1.96394119321749e-05
689.091120762306	10	1.5708063267949	0	6.03385870352358e-06	1.95632278306169e-05
693.39794026723	10	1.5708063267949	0	6.24445982501816e-06	1.94851982442582e-05
697.704759771748	10	1.5708063267949	0	6.4535378638019e-06	1.9405350030391e-05
702.011579275973	10	1.5708063267949	0	6.66110400240177e-06	1.93237089629946e-05
706.318398780507	10	1.5708063267949	0	6.86716936030112e-06	1.92402997603665e-05
710.625218285777	10	1.5708063267949	0	7.071744978938e-06	1.91551461152548e-05
714.932037790804	10	1.5708063267949	0	7.27484180626806e-06	1.90682707204014e-05
719.238857295602	10	1.5708063267949	0	7.47647068279741e-06	1.89796952947112e-05
723.54567680021	10	1.5708063267949	0	7.67664232777728e-06	1.88894406076004e-05
727.852496304682	10	1.5708063267949	0	7.87536732717278e-06	1.87975265051435e-05
732.159315809073	10	1.5708063267949	0	8.07265612013642e-06	1.87039719301727e-05
736.466135313735	10	1.5708063267949	0	8.26851898872901e-06	1.86087949481097e-05
740.772954818799	10	1.5708063267949	0	8.46296604598307e-06	1.85120127668034e-05
745.079774323761	10	1.5708063267949	0	8.65600722531214e-06	1.84136417577378e-05
749.38659382863	10	1.5708063267949	0	8.84765227003155e-06	1.83136974756117e-05
753.693413333419	10	1.5708063267949	0	9.03791072456143e-06	1.82121946800578e-05
758.000232838144	10	1.5708063267949	0	9.22679192358868e-06	1.81091473515573e-05
762.307052342824	10	1.5708063267949	0	9.41430498382445e-06	1.80045687114368e-05
766.613871847471	10	1.5708063267949	0	9.60045879488585e-06	1.78984712387541e-05
770.9206913521	10	1.5708063267949	0	9.7852620107621e-06	1.77908666872113e-05
775.227510856722	10	1.5708063267949	0	9.96872304166752e-06	1.76817661017106e-05
779.534330361345	10	1.5708063267949	0	1.01508500453203e-05	1.75711798329198e-05
783.841149865976	10	1.5708063267949	0	1.03316509202622e-05	1.7459117554556e-05
788.147969370743	10	1.5708063267949	0	1.05111332967101e-05	1.73455882754728e-05
792.454788875587	10	1.5708063267949	0	1.06893045298113e-05	1.72306003552462e-05
796.761608380408	10	1.5708063267949	0	1.08661716921449e-05	1.7114161517639e-05
801.06842788521	10	1.5708063267949	0	1.10417415661562e-05	1.69962788633359e-05
805.375247389994	10	1.5708063267949	0	1.12160206366335e-05	1.68769588822259e-05
809.682066894764	10	1.5708063267949	0	1.13890150840362e-05	1.67562074664388e-05
813.988886399523	10	1.5708063267949	0	1.15607307766318e-05	1.66340299210678e-05
818.295705904273	10	1.5708063267949	0	1.17311732643722e-05	1.65104309770287e-05
822.602525409015	10	1.5708063267949	0	1.19003477704336e-05	1.63854148001055e-05
826.909344913751	10	1.5708063267949	0	1.20682591847711e-05	1.62589850025847e-05
831.216164418484	10	1.5708063267949	0	1.22349120563486e-05	1.61311446526886e-05
835.522983923213	10	1.5708063267949	0	1.24003105873168e-05	1.60018962863249e-05
839.82980342794	10	1.5708063267949	0	1.25644586230778e-05	1.58712419131534e-05
844.136622932666	10	1.5708063267949	0	1.27273596476212e-05	1.57391830293707e-05
848.443442437391	10	1.5708063267949	0	1.28890167737989e-05	1.56057206237412e-05
852.750261942116	10	1.5708063267949	0	1.30494327369983e-05	1.54708551878421e-05
857.057081446841	10	1.5708063267949	0	1.32086098868955e-05	1.53345867237521e-05
861.363900951567	10	1.5708063267949	0	1.33665501787767e-05	1.51969147512208e-05
865.670720456294	10	1.5708063267949	0	1.35232551675288e-05	1.50578383178455e-05
869.977539961023	10	1.5708063267949	0	1.36787259962261e-05	1.49173560030187e-05
874.284359465754	10	1.5708063267949	0	1.3832963390758e-05	1.47754659287442e-05
878.591178970487	10	1.5708063267949	0	1.39859676488453e-05	1.46321657641698e-05
882.897998475224	10	1.5708063267949	0	1.41377386324809e-05	1.44874527339684e-05
887.204817979966	10	1.5708063267949	0	1.42882757577544e-05	1.43413236239757e-05
891.511637484712	10	1.5708063267949	0	1.44375779860623e-05	1.41937747884023e-05
895.818456989464	10	1.5708063267949	0	1.45856438139174e-05	1.40448021557245e-05
900.125276494223	10	1.5708063267949	0	1.47324712636456e-05	1.38944012356032e-05
904.432095998992	10	1.5708063267949	0	1.48780578720666e-05	1.37425671240146e-05
908.738915503771	10	1.5708063267949	0	1.50224006810851e-05	1.35892945104071e-05
913.045735008562	10	1.5708063267949	0	1.5165496224821e-05	1.34345776818547e-05
917.352554513367	10	1.5708063267949	0	1.53073405203863e-05	1.32784105308156e-05
921.659374018163	10	1.5708063267949	0	1.54479290544345e-05	1.31207865593164e-05
925.966193522843	10	1.5708063267949	0	1.55872567725063e-05	1.29616988859308e-05
930.273013027513	10	1.5708063267949	0	1.57253180645794e-05	1.2801140249787e-05
934.579832532175	10	1.5708063267949	0	1.58621067547821e-05	1.26391030184629e-05
938.886652036831	10	1.5708063267949	0	1.59976160844406e-05	1.24755791907241e-05
943.193471541488	10	1.5708063267949	0	1.61318387015975e-05	1.23105604049476e-05
947.500291046151	10	1.5708063267949	0	1.62647666442613e-05	1.21440379429211e-05
951.807110550828	10	1.5708063267949	0	1.63963913271116e-05	1.19760027368314e-05
956.113930055528	10	1.5708063267949	0	1.65267035244824e-05	1.18064453738928e-05
960.420749560264	10	1.5708063267949	0	1.66556933559109e-05	1.16353561034066e-05
964.727569065046	10	1.5708063267949	0	1.67833502678717e-05	1.14627248415794e-05
969.034388569888	10	1.5708063267949	0	1.69096630180612e-05	1.12885411787492e-05
973.341208074802	10	1.5708063267949	0	1.70346196572029e-05	1.11127943854295e-05
977.648027579796	10	1.5708063267949	0	1.71582075104124e-05	1.09354734187186e-05
981.9548470847	10	1.5708063267949	0	1.72804131574668e-05	1.075656692869e-05
986.261666589121	10	1.5708063267949	0	1.74012224135288e-05	1.05760632657772e-05
990.568486093583	10	1.5708063267949	0	1.75206203098984e-05	1.03939504887678e-05
994.875305598128	10	1.5708063267949	0	1.76385910692607e-05	1.02102163703857e-05
999.182125102801	10	1.5708063267949	0	1.77551180876581e-05	1.00248484076457e-05
1003.48894460765	10	1.5708063267949	0	1.78701839083093e-05	9.83783382821722e-06
1007.79576411269	10	1.5708063267949	0	1.79837701994802e-05	9.64915960010668e-06
1012.10258361795	10	1.5708063267949	0	1.80958577294537e-05	9.45881244059387e-06
1016.40940312237	10	1.5708063267949	0	1.82064263401902e-05	9.26677882554531e-06
1020.71622262664	10	1.5708063267949	0	1.83154549228262e-05	9.07304500048584e-06
1025.02304213117	10	1.5708063267949	0	1.8422921387445e-05	8.87759699007431e-06
1029.32986163606	10	1.5708063267949	0	1.85288026366532e-05	8.68042061057572e-06
1033.63668114136	10	1.5708063267949	0	1.86330745349274e-05	8.48150148138316e-06
1037.94350064628	10	1.5708063267949	0	1.87357118782493e-05	8.28082503803308e-06
1042.25032015031	10	1.5708063267949	0	1.88366883620193e-05	8.07837654562843e-06
1046.55713965483	10	1.5708063267949	0	1.89359765491425e-05	7.87414111367711e-06
1050.86395915999	10	1.5708063267949	0	1.90335478334346e-05	7.66810371063602e-06
1055.17077866556	10	1.5708063267949	0	1.91293724068856e-05	7.46024918141696e-06
1059.4775981693	10	1.5708063267949	0	1.92234192210244e-05	7.25056226414546e-06
1063.78441767377	10	1.5708063267949	0	1.93156559489024e-05	7.03902760845728e-06
1068.09123717921	10	1.5708063267949	0	1.94060489467155e-05	6.82562979617738e-06
1072.39805668402	10	1.5708063267949	0	1.94945632108701e-05	6.610353361744e-06
1076.70487618796	10	1.5708063267949	0	1.95811623368076e-05	6.39318281511617e-06
1081.01169569317	10	1.5708063267949	0	1.96658084754345e-05	6.17410266596213e-06
1085.31851519841	10	1.5708063267949	0	1.97484622854082e-05	5.9530974490663e-06
1089.62533470216	10	1.5708063267949	0	1.98290828871942e-05	5.73015175213166e-06
1093.93215420758	10	1.5708063267949	0	1.9907627813762e-05	5.50525024479091e-06
1098.23897371226	10	1.5708063267949	0	1.99840529591131e-05	5.27837771041746e-06
1102.54579321641	10	1.5708063267949	0	2.00583125264597e-05	5.04951907945407e-06
1106.85261272272	10	1.5708063267949	0	2.01303589731813e-05	4.81865946514517e-06
1111.15943222588	10	1.5708063267949	0	2.02001429531101e-05	4.58578420220963e-06
1115.46625173146	10	1.5708063267949	0	2.02676132599787e-05	4.35087888723919e-06
1119.77307123559	10	1.5708063267949	0	2.03327167651445e-05	4.1139294233064e-06
1124.07989074061	10	1.5708063267949	0	2.03953983546804e-05	3.87492206593523e-06
1128.38671024521	10	1.5708063267949	0	2.04556008660474e-05	3.63384347412993e-06
1132.69352975006	10	1.5708063267949	0	2.05132650184251e-05	3.39068076318595e-06
1137.00034925461	10	1.5708063267949	0	2.05683293446055e-05	3.14542156250641e-06
1141.30716875982	10	1.5708063267949	0	2.0620730118879e-05	2.89805407674324e-06
1145.61398826384	10	1.5708063267949	0	2.06704012807663e-05	2.6485671513953e-06
1149.92080777009	10	1.5708063267949	0	2.07172743611646e-05	2.39695034297003e-06
1154.22762727324	10	1.5708063267949	0	2.07612783989131e-05	2.14319399439612e-06
1158.5344467788	10	1.5708063267949	0	2.08023398619669e-05	1.88728931463251e-06
1162.84126628351	10	1.5708063267949	0	2.08403825601319e-05	1.62922846553583e-06
1167.14808578745	10	1.5708063267949	0	2.0875327558923e-05	1.36900465330124e-06
1171.45490529317	10	1.5708063267949	0	2.09070930887662e-05	1.10661222690765e-06
1175.76172479798	10	1.5708063267949	0	2.09355944507905e-05	8.42046783924012e-07
1180.06854430173	10	1.5708063267949	0	2.09607439225217e-05	5.75305282934662e-07
1184.37536380667	10	1.5708063267949	0	2.09824506580809e-05	3.06386164222703e-07
1188.68218331248	10	1.5708063267949	0	2.10006205862948e-05	3.52894793515038e-08
1192.98900281725	10	1.5708063267949	0	2.10151563067882e-05	-2.37982970479295e-07
1197.29582232109	10	1.5708063267949	0	2.10259569827815e-05	-5.13427486495313e-07
1201.60264182545	10	1.5708063267949	0	2.10329182300162e-05	-7.91038313610828e-07
1205.90946133018	10	1.5708063267949	0	2.10359320049548e-05	-1.07080747031882e-06
1210.21628083512	10	1.5708063267949	0	2.103488648851e-05	-1.35272456674343e-06
1214.52310034012	10	1.5708063267949	0	2.10296659689052e-05	-1.63677660972065e-06
1218.82991984506	10	1.5708063267949	0	2.10201507201797e-05	-1.92294779386944e-06
1223.13673934988	10	1.5708063267949	0	2.10062168800153e-05	-2.21121927781944e-06
1227.44355885456	10	1.5708063267949	0	2.0987736324659e-05	-2.50156894437483e-06
1231.75037835911	10	1.5708063267949	0	2.09645765439324e-05	-2.79397114370628e-06
1236.05719786361	10	1.5708063267949	0	2.09366005101419e-05	-3.08839641755575e-06
1240.36401736818	10	1.5708063267949	0	2.09036665519294e-05	-3.38481120433981e-06
1244.67083687302	10	1.5708063267949	0	2.0865628222227e-05	-3.68317752233539e-06
1248.97765637839	10	1.5708063267949	0	2.0822334169809e-05	-3.98345263054287e-06
1253.28447588446	10	1.5708063267949	0	2.07736280072288e-05	-4.28558866433765e-06
1257.59129538782	10	1.5708063267949	0	2.07193481841944e-05	-4.58953224525626e-06
1261.89811489195	10	1.5708063267949	0	2.06593278588596e-05	-4.89522406276009e-06
1266.20493439773	10	1.5708063267949	0	2.05933947735971e-05	-5.20259842437171e-06
1270.51175390228	10	1.5708063267949	0	2.05213711357199e-05	-5.51158277400476e-06
1274.81857340631	10	1.5708063267949	0	2.04430734994624e-05	-5.82209717485107e-06
1279.12539291283	10	1.5708063267949	0	2.0358312657864e-05	-6.13405375466952e-06
1283.43221241575	10	1.5708063267949	0	2.02668935398935e-05	-6.44735610890735e-06
1287.73903192233	10	1.5708063267949	0	2.01686151191676e-05	-6.7618986632872e-06
1292.04585142537	10	1.5708063267949	0	2.0063270332358e-05	-7.07756598478876e-06
1296.35267093077	10	1.5708063267949	0	1.99506460139033e-05	-7.3942320472271e-06
1300.659490436	10	1.5708063267949	0	1.98305228442025e-05	-7.71175943739469e-06
1304.96630993963	10	1.5708063267949	0	1.97026753218158e-05	-8.02999850680567e-06
1309.2731294446	10	1.5708063267949	0	1.956687175367e-05	-8.34878645818172e-06
1313.57994895025	10	1.5708063267949	0	1.94228742768893e-05	-8.66794636511561e-06
1317.88676845582	10	1.5708063267949	0	1.92704389101742e-05	-8.98728611934969e-06
1322.19358795998	10	1.5708063267949	0	1.91093156421365e-05	-9.30659729980619e-06
1326.50040746452	10	1.5708063267949	0	1.893924856088e-05	-9.62565395756731e-06
1330.8072269694	10	1.5708063267949	0	1.87599760356764e-05	-9.94421131148708e-06
1335.11404647466	10	1.5708063267949	0	1.85712309528019e-05	-1.02620043467231e-05
1339.42086597904	10	1.5708063267949	0	1.83727410174525e-05	-1.05787463097964e-05
1343.72768548285	10	1.5708063267949	0	1.8164229129379e-05	-1.08941270923397e-05
1348.03450498731	10	1.5708063267949	0	1.79454138462492e-05	-1.12078114965663e-05
1352.34132449326	10	1.5708063267949	0	1.77160099438985e-05	-1.15194373724703e-05
1356.64814399722	10	1.5708063267949	0	1.74757290893091e-05	-1.18286136185589e-05
1360.95496350211	10	1.5708063267949	0	1.72242806418827e-05	-1.21349180383548e-05
1365.26178300676	10	1.5708063267949	0	1.69613726015569e-05	-1.24378950392011e-05
1369.56860251235	10	1.5708063267949	0	1.66867127266919e-05	-1.27370531689506e-05
1373.875422016	10	1.5708063267949	0	1.64000098393818e-05	-1.30318624725305e-05
1378.18224152091	10	1.5708063267949	0	1.6100975350239e-05	-1.33217516645189e-05
1382.48906102622	10	1.5708063267949	0	1.57893250344519e-05	-1.36061051038862e-05
1386.79588053132	10	1.5708063267949	0	1.54647810872031e-05	-1.38842595589165e-05
1391.102700036	10	1.5708063267949	0	1.51270745031378e-05	-1.4155500753424e-05
1395.40951954032	10	1.5708063267949	0	1.47759478227749e-05	-1.44190596829468e-05
1399.71633904466	10	1.5708063267949	0	1.44111582960993e-05	-1.46741086907204e-05
1404.02315854984	10	1.5708063267949	0	1.40324815252227e-05	-1.49197572989381e-05
1408.32997805508	10	1.5708063267949	0	1.36397156432432e-05	-1.51550477797743e-05
1412.63679755913	10	1.5708063267949	0	1.32326861140157e-05	-1.53789504722391e-05
1416.94361706421	10	1.5708063267949	0	1.28112512289685e-05	-1.55903588345965e-05
1421.25043656988	10	1.5708063267949	0	1.23753084038811e-05	-1.57880842397112e-05
1425.55725607391	10	1.5708063267949	0	1.19248013827702e-05	-1.59708505218351e-05
1429.86407557852	10	1.5708063267949	0	1.14597284694126e-05	-1.61372882847324e-05
1434.17089508355	10	1.5708063267949	0	1.09801519354436e-05	-1.62859290014077e-05
1438.477714589	10	1.5708063267949	0	1.04862087591884e-05	-1.64151989374918e-05
1442.78453409262	10	1.5708063267949	0	9.97812287902222e-06	-1.65234129483211e-05
1447.09135359795	10	1.5708063267949	0	9.45621916511777e-06	-1.66087682181414e-05
1451.3981731021	10	1.5708063267949	0	8.92093934719617e-06	-1.66693380343335e-05
1455.70499260727	10	1.5708063267949	0	8.3728601531395e-06	-1.67030657134329e-05
1460.01181211226	10	1.5708063267949	0	7.81271396105072e-06	-1.67077588359102e-05
1464.31863161677	10	1.5708063267949	0	7.24141229392932e-06	-1.66810839920977e-05
1468.62545112126	10	1.5708063267949	0	6.66007252885972e-06	-1.66205622888951e-05
1472.93227062705	10	1.5708063267949	0	6.07004823981227e-06	-1.65235659498409e-05
1477.23909013089	10	1.5708063267949	0	5.4729636332521e-06	-1.6387316411413e-05
1481.54590963566	10	1.5708063267949	0	4.8707525849125e-06	-1.62088844336569e-05
1485.85272914044	10	1.5708063267949	0	4.26570284042511e-06	-1.59851928706824e-05
1490.15954864539	10	1.5708063267949	0	3.66050597907525e-06	-1.57130229037183e-05
1494.46636815047	10	1.5708063267949	0	3.05831379187156e-06	-1.53890247477559e-05
1498.77318765533	10	1.5708063267949	0	2.4628017484602e-06	-1.50097340679626e-05
1503.08000715999	10	1.5708063267949	0	1.87824024951808e-06	-1.45715956636474e-05
1507.38682666515	10	1.5708063267949	0	1.30957434378369e-06	-1.40709963199226e-05
1511.69364616919	10	1.5708063267949	0	7.62512540929173e-07	-1.35043091949128e-05
1516.00046567414	10	1.5708063267949	0	2.43625232685335e-07	-1.28679526404396e-05
1520.30728517884	10	1.5708063267949	0	-2.39546962248054e-07	-1.21584670171744e-05
1524.61410468376	10	1.5708063267949	0	-6.78374947962396e-07	-1.13726138623081e-05
1528.92092418836	10	1.5708063267949	0	-1.06301351785233e-06	-1.05075027286052e-05
1533.22774369317	10	1.5708063267949	0	-1.38226562279535e-06	-9.56075212881027e-06
1537.53456319845	10	1.5708063267949	0	-1.62344093127513e-06	-8.53069236239032e-06
1541.84138270315	10	1.5708063267949	0	-1.77221266637215e-06	-7.41661954302063e-06
1546.14820220771	10	1.5708063267949	0	-1.81247895452852e-06	-6.21911185534825e-06
1550.45502171276	10	1.5708063267949	0	-1.72623808157188e-06	-4.94042099430924e-06
1554.76184121728	10	1.5708063267949	0	-1.49349143180848e-06	-3.58495367674382e-06
1559.06866072226	10	1.5708063267949	0	-1.09219391395835e-06	-2.15985996088999e-06
1563.37548022679	10	1.5708063267949	0	-4.98279907815454e-07	-6.75746519672943e-07
1567.68229973167	10	1.5708063267949	0	3.14196126469324e-07	8.52466634550063e-07
1571.9891192363	10	1.5708063267949	0	1.37275033764095e-06	2.40452897539542e-06
1576.29593874122	10	1.5708063267949	0	2.70591779577245e-06	3.95366986513058e-06
1580.60275824593	10	1.5708063267949	0	4.34235915282203e-06	5.46523522882791e-06
1584.90957775061	10	1.5708063267949	0	6.30949386252034e-06	6.89516934995923e-06
1589.21639725559	10	1.5708063267949	0	8.63148799856221e-06	8.18839557715226e-06
1593.52321676017	10	1.5708063267949	0	1.13263775235932e-05	9.27720781729499e-06
1597.83003626515	10	1.5708063267949	0	1.44020567393718e-05	1.00798777440083e-05
1602.13685576974	10	1.5708063267949	0	1.78508149421482e-05	1.04998275305472e-05
1606.44367527454	10	1.5708063267949	0	2.16420802059206e-05	1.04259372318599e-05
1610.75049477931	10	1.5708063267949	0	2.57130632685166e-05	9.73487758193985e-06
1615.05731428409	10	1.5708063267949	0	2.9957152768668e-05	8.29681249575217e-06
1619.36413378886	10	1.5708063267949	0	3.42103111477199e-05	5.98641951032818e-06
1623.67095329361	10	1.5708063267949	0	3.8236550782186e-05	2.70190786131217e-06
1627.97777279845	10	1.5708063267949	0	4.17151321037793e-05	-1.60455887021994e-06
1632.28459230316	10	1.5708063267949	0	4.42348415223262e-05	-6.88128230041374e-06
1636.59141180792	10	1.5708063267949	0	4.53050620281762e-05	-1.29134459497112e-05
1640.89823131271	10	1.5708063267949	0	4.43996127798014e-05	-1.92426322776383e-05
1645.20505081746	10	1.5708063267949	0	4.1056734205519e-05	-2.50807768933503e-05
1649.51187032223	10	1.5708063267949	0	3.50633327055674e-05	-2.92514417637386e-05
1653.81868982699	10	1.5708063267949	0	2.67428313355901e-05	-3.02296814365939e-05
1658.12550933176	10	1.5708063267949	0	1.73195730938497e-05	-2.64064185028142e-05
1662.43232883652	10	1.5708063267949	0	9.20727157963761e-06	-1.67473180961521e-05
1666.73914834128	10	1.5708063267949	0	5.82483695672453e-06	-1.95270118988019e-06
1671.04596784604	10	1.5708063267949	0	1.02438489964734e-05	1.41688901688073e-05
1675.3527873508	10	1.5708063267949	0	2.20690881457055e-05	2.44109443743197e-05
1679.65960685555	10	1.5708063267949	0	3.36795059825561e-05	2.15950656330973e-05
1683.96642636031	10	1.5708063267949	0	3.16457920279525e-05	7.22837959410075e-06
1688.27324586507	10	1.5708063267949	0	1.25658915439993e-05	-3.24075186058684e-06
1692.58006536983	10	1.5708063267949	0	2.34235130622637e-06	-2.70666409287142e-06
1696.88688487459	10	1.5708063267949	0	3.50563888157995e-06	-3.78461446440041e-06
1701.19370437934	10	1.5708063267949	0	5.79109166624317e-06	-3.35314105919289e-05
1705.5005238841	10	1.5708063267949	0	-3.23818411467443e-05	-7.46452007340429e-05
1709.80734338886	10	1.5708063267949	0	-9.84875147988443e-05	-6.16976232861704e-05
1714.11416289362	10	1.5708063267949	0	-0.000128152401121564	9.72877370763998e-06
1718.42098239837	10	1.5708063267949	0	-9.32321624789764e-05	8.62235724685586e-05
1722.72780190313	10	1.5708063267949	0	-1.59034875662916e-05	0.000123580127649977
