0	10	1.5708063267949	0	-0.00170196389990866	0
17.2272780190302	10	1.5708063267949	0	-0.000786361249835405	0
34.4545560380614	10	1.5708063267949	0	-0.000224568786784735	0
51.6818340570969	10	1.5708063267949	0	-0.000301321943615803	0
68.9091120761422	10	1.5708063267949	0	-0.000188004079059083	0
86.1363900952083	10	1.5708063267949	0	-7.47474152854223e-05	0
103.363668114295	10	1.5708063267949	0	-1.98943759652028e-06	0
120.590946133388	10	1.5708063267949	0	4.0298077718699e-05	-0
137.818224152482	10	1.5708063267949	0	6.41915755621075e-05	-0
155.045502171338	10	1.5708063267949	0	7.745082338562e-05	-0
172.272780190643	10	1.5708063267949	0	8.45558438848866e-05	-0
189.500058209947	10	1.5708063267949	0	8.80559041292931e-05	-0
206.727336228632	10	1.5708063267949	0	8.94193665374996e-05	-0
223.954614248188	10	1.5708063267949	0	8.9508843271935e-05	-0
241.181892267182	10	1.5708063267949	0	8.88415216826462e-05	-0
258.409170285767	10	1.5708063267949	0	8.77331893166527e-05	-0
275.636448305693	10	1.5708063267949	0	8.6379528128164e-05	-0
292.863726324967	10	1.5708063267949	0	8.49030699886735e-05	-0
310.091004344125	10	1.5708063267949	0	8.33809506576055e-05	-0
327.318282361955	10	1.5708063267949	0	8.18616756145229e-05	-0
344.545560381539	10	1.5708063267949	0	8.03754524894982e-05	-0
361.77283840149	10	1.5708063267949	0	7.89406741965549e-05	-0
379.000116419412	10	1.5708063267949	0	7.75680520309274e-05	-0
396.227394439439	10	1.5708063267949	0	7.62632873044824e-05	-0
413.454672457704	10	1.5708063267949	0	7.50288187526136e-05	-0
430.681950477791	10	1.5708063267949	0	7.38649765674886e-05	-0
447.90922849683	10	1.5708063267949	0	7.27707503145224e-05	-0
465.136506514221	10	1.5708063267949	0	7.17443025880801e-05	-0
482.363784534514	10	1.5708063267949	0	7.07833134990228e-05	-0
499.591062552118	10	1.5708063267949	0	6.98852116171289e-05	-0
516.818340572459	10	1.5708063267949	0	6.90473281497301e-05	-0
534.045618590529	10	1.5708063267949	0	6.82669989433545e-05	-0
551.272896609218	10	1.5708063267949	0	6.75416308840877e-05	-0
568.500174629786	10	1.5708063267949	0	6.68687439757893e-05	-0
585.727452647678	10	1.5708063267949	0	6.62459968154104e-05	-0
602.954730666781	10	1.5708063267949	0	6.56712007840613e-05	-0
620.182008686709	10	1.5708063267949	0	6.51423266369047e-05	-0
637.409286704569	10	1.5708063267949	0	6.46575060466708e-05	-0
654.636564724489	10	1.5708063267949	0	6.4215029881063e-05	-0
671.863842743532	10	1.5708063267949	0	6.38133444542268e-05	-0
689.091120762306	10	1.5708063267949	0	6.34510466134983e-05	-0
706.318398780507	10	1.5708063267949	0	6.31268782614027e-05	-0
723.54567680021	10	1.5708063267949	0	6.28397207255986e-05	-0
740.772954818799	10	1.5708063267949	0	6.25885892608214e-05	-0
758.000232838144	10	1.5708063267949	0	6.2372627874672e-05	-0
775.227510856722	10	1.5708063267949	0	6.21911046065608e-05	-0
792.454788875587	10	1.5708063267949	0	6.20434073439453e-05	-0
809.682066894764	10	1.5708063267949	0	6.19290402304022e-05	-0
826.909344913751	10	1.5708063267949	0	6.18476206992895e-05	-0
844.136622932666	10	1.5708063267949	0	6.17988771529712e-05	-0
861.363900951567	10	1.5708063267949	0	6.17826472995658e-05	-0
878.591178970487	10	1.5708063267949	0	6.17988771529718e-05	-0
895.818456989464	10	1.5708063267949	0	6.18476206992877e-05	-0
913.045735008562	10	1.5708063267949	0	6.19290402304113e-05	-0
930.273013027513	10	1.5708063267949	0	6.20434073439411e-05	-0
947.500291046151	10	1.5708063267949	0	6.21911046065588e-05	-0
964.727569065046	10	1.5708063267949	0	6.23726278746721e-05	-0
981.9548470847	10	1.5708063267949	0	6.25885892608261e-05	-0
999.182125102801	10	1.5708063267949	0	6.28397207255981e-05	-0
1016.40940312237	10	1.5708063267949	0	6.3126878261399e-05	-0
1033.63668114136	10	1.5708063267949	0	6.34510466135099e-05	-0
1050.86395915999	10	1.5708063267949	0	6.38133444542413e-05	-0
1068.09123717921	10	1.5708063267949	0	6.42150298810746e-05	-0
1085.31851519841	10	1.5708063267949	0	6.46575060466555e-05	-0
1102.54579321641	10	1.5708063267949	0	6.51423266369097e-05	-0
1119.77307123559	10	1.5708063267949	0	6.56712007840331e-05	-0
1137.00034925461	10	1.5708063267949	0	6.62459968153774e-05	-0
1154.22762727324	10	1.5708063267949	0	6.68687439757891e-05	-0
1171.45490529317	10	1.5708063267949	0	6.75416308840556e-05	-0
1188.68218331248	10	1.5708063267949	0	6.82669989433489e-05	-0
1205.90946133018	10	1.5708063267949	0	6.90473281497082e-05	-0
1223.13673934988	10	1.5708063267949	0	6.98852116170658e-05	-0
1240.36401736818	10	1.5708063267949	0	7.07833134990059e-05	-0
1257.59129538782	10	1.5708063267949	0	7.17443025880182e-05	-0
1274.81857340631	10	1.5708063267949	0	7.27707503145263e-05	-0
1292.04585142537	10	1.5708063267949	0	7.38649765674795e-05	-0
1309.2731294446	10	1.5708063267949	0	7.50288187525613e-05	-0
1326.50040746452	10	1.5708063267949	0	7.62632873045442e-05	-0
1343.72768548285	10	1.5708063267949	0	7.75680520308557e-05	-0
1360.95496350211	10	1.5708063267949	0	7.89406741965962e-05	-0
1378.18224152091	10	1.5708063267949	0	8.03754524894504e-05	-0
1395.40951954032	10	1.5708063267949	0	8.1861675614446e-05	-0
1412.63679755913	10	1.5708063267949	0	8.3380950657604e-05	-0
1429.86407557852	10	1.5708063267949	0	8.49030699887104e-05	-0
1447.09135359795	10	1.5708063267949	0	8.63795281282014e-05	-0
1464.31863161677	10	1.5708063267949	0	8.7733189316628e-05	-0
1481.54590963566	10	1.5708063267949	0	8.88415216826162e-05	-0
1498.77318765533	10	1.5708063267949	0	8.95088432719414e-05	-0
1516.00046567414	10	1.5708063267949	0	8.94193665375192e-05	-0
1533.22774369317	10	1.5708063267949	0	8.80559041292705e-05	-0
1550.45502171276	10	1.5708063267949	0	8.45558438847724e-05	-0
1567.68229973167	10	1.5708063267949	0	7.74508233856809e-05	-0
1584.90957775061	10	1.5708063267949	0	6.4191575562176e-05	-0
1602.13685576974	10	1.5708063267949	0	4.02980777187241e-05	-0
1619.36413378886	10	1.5708063267949	0	-1.98943759643339e-06	0
1636.59141180792	10	1.5708063267949	0	-7.47474152851884e-05	0
1653.81868982699	10	1.5708063267949	0	-0.000188004079058882	0
1671.04596784604	10	1.5708063267949	0	-0.000301321943617219	0
1688.27324586507	10	1.5708063267949	0	-0.000224568786739434	0
1705.5005238841	10	1.5708063267949	0	-0.00078636124985868	0
1722.72780190313	10	1.5708063267949	0	-0.00170196389990866	0
