0	10	1.5708063267949	0	-3.99051320533253e-05	0
17.2272780190302	10	1.5708063267949	0	-1.29584225314129e-05	3.36858136853724e-05
34.4545560380614	10	1.5708063267949	0	5.09769885729134e-06	-1.19207041446727e-05
51.6818340570969	10	1.5708063267949	0	2.08092516064304e-05	-1.10167742087641e-05
68.9091120761422	10	1.5708063267949	0	-4.7820472295618e-06	-1.30846966321808e-05
86.1363900952083	10	1.5708063267949	0	1.23142269590182e-05	3.40660480380251e-06
103.363668114295	10	1.5708063267949	0	2.21710148252099e-05	-1.28059370731176e-05
120.590946133388	10	1.5708063267949	0	1.2510205022408e-05	-2.6546758003831e-05
137.818224152482	10	1.5708063267949	0	-1.43022232211369e-06	-2.90848231283284e-05
155.045502171338	10	1.5708063267949	0	-1.20894811037548e-05	-2.46090727998182e-05
172.272780190643	10	1.5708063267949	0	-1.82207125867491e-05	-1.7555504791982e-05
189.500058209947	10	1.5708063267949	0	-2.07324375294e-05	-1.04025472905243e-05
206.727336228632	10	1.5708063267949	0	-2.08369592814511e-05	-4.19798783404823e-06
223.954614248188	10	1.5708063267949	0	-1.95101143746809e-05	7.64191355107804e-07
241.181892267182	10	1.5708063267949	0	-1.74242803719026e-05	4.52634707512928e-06
258.409170285767	10	1.5708063267949	0	-1.50085764147185e-05	7.25445877736352e-06
275.636448305693	10	1.5708063267949	0	-1.2522844692706e-05	9.14061984556309e-06
292.863726324967	10	1.5708063267949	0	-1.01164521523638e-05	1.03630556389561e-05
310.091004344125	10	1.5708063267949	0	-7.8692527640483e-06	1.10729311477552e-05
327.318282361955	10	1.5708063267949	0	-5.81851935629053e-06	1.13927932786453e-05
344.545560381539	10	1.5708063267949	0	-3.97612879889657e-06	1.14195174766086e-05
361.77283840149	10	1.5708063267949	0	-2.33933130418606e-06	1.12285530384547e-05
379.000116419412	10	1.5708063267949	0	-8.97407074219823e-07	1.08781214781742e-05
396.227394439439	10	1.5708063267949	0	3.64276158244965e-07	1.0412877827826e-05
413.454672457704	10	1.5708063267949	0	1.4618342777283e-06	9.86692090016825e-06
430.681950477791	10	1.5708063267949	0	2.4114518117254e-06	9.26619215388495e-06
447.90922849683	10	1.5708063267949	0	3.22859379944584e-06	8.63035387829227e-06
465.136506514221	10	1.5708063267949	0	3.92760152227341e-06	7.97424501156658e-06
482.363784534514	10	1.5708063267949	0	4.52151993977551e-06	7.30900345775546e-06
499.591062552118	10	1.5708063267949	0	5.02206184191827e-06	6.64292903633405e-06
516.818340572459	10	1.5708063267949	0	5.43964959888165e-06	5.98214634348558e-06
534.045618590529	10	1.5708063267949	0	5.78349805869794e-06	5.3311140785127e-06
551.272896609218	10	1.5708063267949	0	6.06171635816618e-06	4.69301676251062e-06
568.500174629786	10	1.5708063267949	0	6.28141541633428e-06	4.07006647140524e-06
585.727452647678	10	1.5708063267949	0	6.44881334182838e-06	3.46373557894177e-06
602.954730666781	10	1.5708063267949	0	6.56933462487004e-06	2.87493666512541e-06
620.182008686709	10	1.5708063267949	0	6.64770106905216e-06	2.3041618557895e-06
637.409286704569	10	1.5708063267949	0	6.68801367670415e-06	1.75159095185172e-06
654.636564724489	10	1.5708063267949	0	6.69382548797868e-06	1.21717553907636e-06
671.863842743532	10	1.5708063267949	0	6.66820589304037e-06	7.00704611314844e-07
689.091120762306	10	1.5708063267949	0	6.61379695244669e-06	2.01855914202845e-07
706.318398780507	10	1.5708063267949	0	6.53286257622073e-06	-2.79763684583195e-07
723.54567680021	10	1.5708063267949	0	6.42733124155514e-06	-7.44586270543686e-07
740.772954818799	10	1.5708063267949	0	6.29883303604699e-06	-1.19305741305995e-06
758.000232838144	10	1.5708063267949	0	6.14873168620603e-06	-1.62561560195774e-06
775.227510856722	10	1.5708063267949	0	5.978152179949e-06	-2.04267535481456e-06
792.454788875587	10	1.5708063267949	0	5.78800459467808e-06	-2.44461302911538e-06
809.682066894764	10	1.5708063267949	0	5.57900454294757e-06	-2.83175452138441e-06
826.909344913751	10	1.5708063267949	0	5.35169077427924e-06	-3.20436422668115e-06
844.136622932666	10	1.5708063267949	0	5.10644027405439e-06	-3.56263469282677e-06
861.363900951567	10	1.5708063267949	0	4.84348127749959e-06	-3.90667652803437e-06
878.591178970487	10	1.5708063267949	0	4.56290447559886e-06	-4.23650811629391e-06
895.818456989464	10	1.5708063267949	0	4.26467269354437e-06	-4.55204470485264e-06
913.045735008562	10	1.5708063267949	0	3.94862953460386e-06	-4.85308666856423e-06
930.273013027513	10	1.5708063267949	0	3.61450699290112e-06	-5.13930631235543e-06
947.500291046151	10	1.5708063267949	0	3.26193260811041e-06	-5.41023305683541e-06
964.727569065046	10	1.5708063267949	0	2.89043639474486e-06	-5.66523652549045e-06
981.9548470847	10	1.5708063267949	0	2.49945785488754e-06	-5.90350692447708e-06
999.182125102801	10	1.5708063267949	0	2.08835371536552e-06	-6.12403252734748e-06
1016.40940312237	10	1.5708063267949	0	1.65640672260789e-06	-6.32557332748239e-06
1033.63668114136	10	1.5708063267949	0	1.20283632673674e-06	-6.50663052273921e-06
1050.86395915999	10	1.5708063267949	0	7.26811980538482e-07	-6.66541080316987e-06
1068.09123717921	10	1.5708063267949	0	2.27470201102349e-07	-6.79978479262834e-06
1085.31851519841	10	1.5708063267949	0	-2.96063276018469e-07	-6.90723854357882e-06
1102.54579321641	10	1.5708063267949	0	-8.44644455211684e-07	-6.98481690292411e-06
1119.77307123559	10	1.5708063267949	0	-1.41907281664216e-06	-7.02905758422786e-06
1137.00034925461	10	1.5708063267949	0	-2.0200408058828e-06	-7.03591449713844e-06
1154.22762727324	10	1.5708063267949	0	-2.648067038254e-06	-7.00066866109419e-06
1171.45490529317	10	1.5708063267949	0	-3.30340795973858e-06	-6.91782533490052e-06
1188.68218331248	10	1.5708063267949	0	-3.98594092286945e-06	-6.78099565436985e-06
1205.90946133018	10	1.5708063267949	0	-4.69500934212569e-06	-6.5827615732802e-06
1223.13673934988	10	1.5708063267949	0	-5.42921754789411e-06	-6.31452359305571e-06
1240.36401736818	10	1.5708063267949	0	-6.18615863832159e-06	-5.96633181733395e-06
1257.59129538782	10	1.5708063267949	0	-6.96205322198534e-06	-5.5267035548727e-06
1274.81857340631	10	1.5708063267949	0	-7.75126913545543e-06	-4.98243442637152e-06
1292.04585142537	10	1.5708063267949	0	-8.54568247947331e-06	-4.3184172760635e-06
1309.2731294446	10	1.5708063267949	0	-9.33382663583489e-06	-3.51749451422081e-06
1326.50040746452	10	1.5708063267949	0	-1.00997588616599e-05	-2.56038917737115e-06
1343.72768548285	10	1.5708063267949	0	-1.08215518373675e-05	-1.42579183021572e-06
1360.95496350211	10	1.5708063267949	0	-1.1469291246112e-05	-9.07332503932369e-08
1378.18224152091	10	1.5708063267949	0	-1.2002431775927e-05	1.46854050386743e-06
1395.40951954032	10	1.5708063267949	0	-1.23663407900179e-05	3.27483155959512e-06
1412.63679755913	10	1.5708063267949	0	-1.24878611395015e-05	5.3467997269024e-06
1429.86407557852	10	1.5708063267949	0	-1.22697987482541e-05	7.69334551679714e-06
1447.09135359795	10	1.5708063267949	0	-1.15844936183995e-05	1.03039835994357e-05
1464.31863161677	10	1.5708063267949	0	-1.02673020602219e-05	1.31326709542764e-05
1481.54590963566	10	1.5708063267949	0	-8.11241766254495e-06	1.60711556491787e-05
1498.77318765533	10	1.5708063267949	0	-4.8770930757145e-06	1.89061501788369e-05
1516.00046567414	10	1.5708063267949	0	-3.08267697730917e-07	2.12533984333482e-05
1533.22774369317	10	1.5708063267949	0	5.77779520661559e-06	2.24647287700885e-05
1550.45502171276	10	1.5708063267949	0	1.33003574999064e-05	2.15241865284293e-05
1567.68229973167	10	1.5708063267949	0	2.14920195733636e-05	1.70251317808671e-05
1584.90957775061	10	1.5708063267949	0	2.81228562518493e-05	7.55496051976995e-06
1602.13685576974	10	1.5708063267949	0	2.8593454028105e-05	-6.6068129159065e-06
1619.36413378886	10	1.5708063267949	0	1.72092214195509e-05	-1.8957547865732e-05
1636.59141180792	10	1.5708063267949	0	-7.22517690749311e-07	-1.27562968828214e-05
1653.81868982699	10	1.5708063267949	0	1.17757957327884e-05	7.44364806429589e-06
1671.04596784604	10	1.5708063267949	0	1.51723286664518e-05	-1.80054077807863e-05
1688.27324586507	10	1.5708063267949	0	1.27296917194849e-05	-2.45859127310205e-06
1705.5005238841	10	1.5708063267949	0	-3.56655923989698e-05	5.53355910928678e-06
1722.72780190313	10	1.5708063267949	0	-8.44777439775659e-06	3.90007009157264e-05
