0	10	1.5708063267949	0	5.22075063363219e-05	-0
0.701190653138519	10	1.5708063267949	0	5.20288430935324e-05	-4.11344577322326e-06
1.40238130627705	10	1.5708063267949	0	5.14945192757688e-05	-8.19339174428319e-06
2.10357195941556	10	1.5708063267949	0	5.06095135992211e-05	-1.22066821465356e-05
2.80476261255409	10	1.5708063267949	0	4.93820635011331e-05	-1.6120845432088e-05
3.5059532656926	10	1.5708063267949	0	4.78235738826418e-05	-1.99044263572804e-05
4.20714391883114	10	1.5708063267949	0	4.59484924038302e-05	-2.35273066545097e-05
4.90833457196964	10	1.5708063267949	0	4.37741505591913e-05	-2.69610100589936e-05
5.60952522510819	10	1.5708063267949	0	4.13205738496033e-05	-3.0178988571072e-05
6.31071587824667	10	1.5708063267949	0	3.86102627506298e-05	-3.31568865530965e-05
7.01190653138522	10	1.5708063267949	0	3.56679470386289e-05	-3.58727795731558e-05
7.71309718452372	10	1.5708063267949	0	3.25203165822142e-05	-3.830738541818e-05
8.41428783766225	10	1.5708063267949	0	2.91957316456319e-05	-4.04442448172065e-05
9.11547849080076	10	1.5708063267949	0	2.57239161126947e-05	-4.22698697902234e-05
9.81666914393928	10	1.5708063267949	0	2.21356374261818e-05	-4.37738582001845e-05
10.5178597970778	10	1.5708063267949	0	1.84623768213555e-05	-4.49489730155541e-05
11.2190504502163	10	1.5708063267949	0	1.47359938711174e-05	-4.57911855325288e-05
11.9202411033549	10	1.5708063267949	0	1.09883894689786e-05	-4.62996826520697e-05
12.6214317564934	10	1.5708063267949	0	7.25117092313905e-06	-4.64768376795553e-05
13.3226224096319	10	1.5708063267949	0	3.5553232745072e-06	-4.63281452100319e-05
14.0238130627705	10	1.5708063267949	0	-6.91091750650566e-08	-4.58621216184424e-05
14.7250037159089	10	1.5708063267949	0	-3.59332754462259e-06	-4.50901721756661e-05
15.4261943690474	10	1.5708063267949	0	-6.99006562848387e-06	-4.40264262166167e-05
16.127385022186	10	1.5708063267949	0	-1.02338563838275e-05	-4.26875434930036e-05
16.8285756753245	10	1.5708063267949	0	-1.33012745655861e-05	-4.1092493260713e-05
17.529766328463	10	1.5708063267949	0	-1.61711527625215e-05	-3.92623096782478e-05
18.2309569816015	10	1.5708063267949	0	-1.88247683560748e-05	-3.72198262984749e-05
18.9321476347401	10	1.5708063267949	0	-2.12459994456992e-05	-3.49893933999414e-05
19.6333382878786	10	1.5708063267949	0	-2.34214480415317e-05	-3.2596581562736e-05
20.3345289410171	10	1.5708063267949	0	-2.53405291620487e-05	-3.00678751672637e-05
21.0357195941556	10	1.5708063267949	0	-2.69955254366102e-05	-2.74303602983408e-05
21.7369102472941	10	1.5708063267949	0	-2.83816065347337e-05	-2.47114104001317e-05
22.4381009004326	10	1.5708063267949	0	-2.94968135922298e-05	-2.1938373865785e-05
23.1392915535711	10	1.5708063267949	0	-3.03420096516522e-05	-1.9138267825535e-05
23.8404822067097	10	1.5708063267949	0	-3.09207963205687e-05	-1.63374812492861e-05
24.5416728598482	10	1.5708063267949	0	-3.12393993548027e-05	-1.35614919712423e-05
25.2428635129867	10	1.5708063267949	0	-3.1306523494746e-05	-1.08346000661192e-05
25.9440541661252	10	1.5708063267949	0	-3.11331805646426e-05	-8.17968181872014e-06
26.6452448192638	10	1.5708063267949	0	-3.07324920441816e-05	-5.61796640809046e-06
27.3464354724023	10	1.5708063267949	0	-3.01194698989905e-05	-3.16883832483448e-06
28.0476261255409	10	1.5708063267949	0	-2.93107783752845e-05	-8.49667562660352e-07
28.7488167786794	10	1.5708063267949	0	-2.8324480659366e-05	1.32433048025743e-06
29.4500074318179	10	1.5708063267949	0	-2.71797740957252e-05	3.34020411088117e-06
30.1511980849564	10	1.5708063267949	0	-2.58967169816877e-05	5.18734250433605e-06
30.8523887380949	10	1.5708063267949	0	-2.4495951471858e-05	6.85752035457576e-06
31.5535793912335	10	1.5708063267949	0	-2.2998426607248e-05	8.34491014901964e-06
32.2547700443719	10	1.5708063267949	0	-2.14251243025587e-05	9.64606228487749e-06
32.9559606975105	10	1.5708063267949	0	-1.97967931712126e-05	1.07598541653092e-05
33.657151350649	10	1.5708063267949	0	-1.81336925641867e-05	1.16874091909817e-05
34.3583420037875	10	1.5708063267949	0	-1.64553518931657e-05	1.24319881948762e-05
35.0595326569261	10	1.5708063267949	0	-1.47803456982993e-05	1.2998853966835e-05
35.7607233100646	10	1.5708063267949	0	-1.31260907298115e-05	1.33951134457892e-05
36.4619139632031	10	1.5708063267949	0	-1.15086637688128e-05	1.36295377261661e-05
37.1631046163417	10	1.5708063267949	0	-9.94264590288247e-06	1.37123657218787e-05
37.8642952694801	10	1.5708063267949	0	-8.44099208475886e-06	1.36550922406418e-05
38.5654859226187	10	1.5708063267949	0	-7.01492914554993e-06	1.34702455955437e-05
39.2666765757573	10	1.5708063267949	0	-5.67388236529706e-06	1.31711576238168e-05
39.9678672288957	10	1.5708063267949	0	-4.42543095777039e-06	1.27717292848193e-05
40.6690578820342	10	1.5708063267949	0	-3.27529305960348e-06	1.22861965531219e-05
41.3702485351727	10	1.5708063267949	0	-2.22733926842069e-06	1.17288994645358e-05
42.0714391883113	10	1.5708063267949	0	-1.28363377677829e-06	1.11140566914562e-05
42.7726298414499	10	1.5708063267949	0	-4.44502575947834e-07	1.04555519130776e-05
43.4738204945884	10	1.5708063267949	0	2.91373830595343e-07	9.76673166795044e-06
44.1750111477269	10	1.5708063267949	0	9.26844615718497e-07	9.06021990111472e-06
44.8762018008655	10	1.5708063267949	0	1.46615226860772e-06	8.34775057295583e-06
45.577392454004	10	1.5708063267949	0	1.91477826890784e-06	7.64002134306711e-06
46.2785831071424	10	1.5708063267949	0	2.279273650106e-06	6.94656964584682e-06
46.9797737602809	10	1.5708063267949	0	2.56707745472374e-06	6.2756728812221e-06
47.6809644134194	10	1.5708063267949	0	2.78632611552764e-06	5.63427357383981e-06
48.382155066558	10	1.5708063267949	0	2.94565763692737e-06	5.0279316492059e-06
49.0833457196966	10	1.5708063267949	0	3.05401275505408e-06	4.46080137658848e-06
49.784536372835	10	1.5708063267949	0	3.12043799316644e-06	3.93563646681159e-06
50.4857270259735	10	1.5708063267949	0	3.15389174398166e-06	3.45381891733343e-06
51.1869176791122	10	1.5708063267949	0	3.16305915819457e-06	3.01541497751933e-06
51.8881083322505	10	1.5708063267949	0	3.15617572005882e-06	2.61925270753571e-06
52.5892989853892	10	1.5708063267949	0	3.14086550204016e-06	2.26302360845886e-06
53.2904896385276	10	1.5708063267949	0	3.12399475241866e-06	1.94340389390762e-06
53.9916802916663	10	1.5708063267949	0	3.11154046447701e-06	1.65619227832429e-06
54.6928709448046	10	1.5708063267949	0	3.10848671768248e-06	1.39646878365386e-06
55.3940615979432	10	1.5708063267949	0	3.11873194713924e-06	1.15876031964067e-06
56.0952522510818	10	1.5708063267949	0	3.14502691669597e-06	9.3722234452145e-07
56.7964429042202	10	1.5708063267949	0	3.18893502478993e-06	7.25827362369482e-07
57.4976335573587	10	1.5708063267949	0	3.25081486919977e-06	5.18558544929507e-07
58.1988242104973	10	1.5708063267949	0	3.32982888409419e-06	3.09607430074495e-07
58.9000148636359	10	1.5708063267949	0	3.42397495164799e-06	9.35726790882689e-08
59.6012055167745	10	1.5708063267949	0	3.53014076177949e-06	-1.34341272928882e-07
60.3023961699129	10	1.5708063267949	0	3.64418586744311e-06	-3.78127117347255e-07
61.0035868230515	10	1.5708063267949	0	3.76103376735987e-06	-6.40778914939761e-07
61.70477747619	10	1.5708063267949	0	3.87478736401029e-06	-9.24095220768959e-07
62.4059681293285	10	1.5708063267949	0	3.97886489220131e-06	-1.22847995174342e-06
63.107158782467	10	1.5708063267949	0	4.06612623539895e-06	-1.55272618607913e-06
63.8083494356055	10	1.5708063267949	0	4.12897830741286e-06	-1.89375613271981e-06
64.509540088744	10	1.5708063267949	0	4.15953196459043e-06	-2.24632294945372e-06
65.2107307418825	10	1.5708063267949	0	4.14956189612687e-06	-2.60250869192128e-06
65.9119213950211	10	1.5708063267949	0	4.09037333048728e-06	-2.95091422423737e-06
66.6131120481596	10	1.5708063267949	0	3.97186951759654e-06	-3.27474957753196e-06
67.3143027012981	10	1.5708063267949	0	3.79242334890987e-06	-3.55931222467736e-06
68.0154933544367	10	1.5708063267949	0	3.47916363469065e-06	-3.70641030889701e-06
68.7166840075752	10	1.5708063267949	0	3.13254166710906e-06	-3.7880202676285e-06
69.4178746607137	10	1.5708063267949	0	2.769796657963e-06	-3.80953123067412e-06
70.1190653138522	10	1.5708063267949	0	2.40793714745562e-06	-3.78275119151837e-06
70.8202559669908	10	1.5708063267949	0	2.05791178002268e-06	-3.71759708065752e-06
71.5214466201292	10	1.5708063267949	0	1.72678056597814e-06	-3.62289709345808e-06
72.2226372732679	10	1.5708063267949	0	1.41885079323174e-06	-3.50671139863232e-06
72.9238279264063	10	1.5708063267949	0	1.13631532823262e-06	-3.37635368556216e-06
73.6250185795448	10	1.5708063267949	0	8.79706544111386e-07	-3.2383734092183e-06
74.3262092326834	10	1.5708063267949	0	6.4824443310402e-07	-3.09853478918216e-06
75.0273998858219	10	1.5708063267949	0	4.40112981266327e-07	-2.96177446454746e-06
75.7285905389604	10	1.5708063267949	0	2.5269852332831e-07	-2.83218181701436e-06
76.4297811920989	10	1.5708063267949	0	8.2796907475629e-08	-2.71298733758255e-06
77.1309718452374	10	1.5708063267949	0	-7.32036570663201e-08	-2.60658113757575e-06
77.832162498376	10	1.5708063267949	0	-2.19160378678343e-07	-2.5145194790957e-06
78.5333531515145	10	1.5708063267949	0	-3.59032437503963e-07	-2.43757004528415e-06
79.234543804653	10	1.5708063267949	0	-4.96754301780956e-07	-2.37575291064338e-06
79.9357344577915	10	1.5708063267949	0	-6.36123368607446e-07	-2.32839095164278e-06
80.6369251109301	10	1.5708063267949	0	-7.807061088865e-07	-2.29417977463968e-06
81.3381157640686	10	1.5708063267949	0	-9.33756533601451e-07	-2.27125339149041e-06
82.0393064172071	10	1.5708063267949	0	-1.098146713284e-06	-2.25725355479251e-06
82.7404970703457	10	1.5708063267949	0	-1.27631609219813e-06	-2.24941328670079e-06
83.4416877234842	10	1.5708063267949	0	-1.4702299578833e-06	-2.24463302464721e-06
84.1428783766227	10	1.5708063267949	0	-1.68134736322016e-06	-2.23955541056467e-06
84.8440690297612	10	1.5708063267949	0	-1.91060678002329e-06	-2.23064831599615e-06
85.5452596828997	10	1.5708063267949	0	-2.15841640503858e-06	-2.21427777783728e-06
86.2464503360383	10	1.5708063267949	0	-2.42465750222154e-06	-2.18678251860802e-06
86.9476409891768	10	1.5708063267949	0	-2.70869351595753e-06	-2.14454191792348e-06
87.6488316423153	10	1.5708063267949	0	-3.0093902213956e-06	-2.0840424956574e-06
88.3500222954538	10	1.5708063267949	0	-3.32514023699138e-06	-2.00193723868316e-06
89.0512129485924	10	1.5708063267949	0	-3.65389461300859e-06	-1.89510048573304e-06
89.7524036017309	10	1.5708063267949	0	-3.99319996839602e-06	-1.76067714413555e-06
90.4535942548694	10	1.5708063267949	0	-4.34023843435306e-06	-1.59612522043563e-06
91.1547849080079	10	1.5708063267949	0	-4.69187245302704e-06	-1.3992529220588e-06
91.8559755611465	10	1.5708063267949	0	-5.04469186884392e-06	-1.16824926053768e-06
92.5571662142849	10	1.5708063267949	0	-5.39506099687282e-06	-9.01708140449343e-07
93.2583568674236	10	1.5708063267949	0	-5.73917132525929e-06	-5.98647224298891e-07
93.959547520562	10	1.5708063267949	0	-6.07308843699857e-06	-2.58519757282521e-07
94.6607381737006	10	1.5708063267949	0	-6.3928048044654e-06	1.18778486893458e-07
95.3619288268391	10	1.5708063267949	0	-6.69428671888787e-06	5.32908153773634e-07
96.0631194799777	10	1.5708063267949	0	-6.97352438972973e-06	9.83090370879283e-07
96.7643101331161	10	1.5708063267949	0	-7.22657619593494e-06	1.4681154619494e-06
97.4655007862547	10	1.5708063267949	0	-7.44961421578288e-06	1.98635644105585e-06
98.1666914393932	10	1.5708063267949	0	-7.63896506017443e-06	2.53578636435029e-06
98.8678820925317	10	1.5708063267949	0	-7.79114836249411e-06	3.11399931743052e-06
99.5690727456703	10	1.5708063267949	0	-7.90291300816277e-06	3.71823499924864e-06
100.270263398809	10	1.5708063267949	0	-7.97126907757979e-06	4.34540584580568e-06
100.971454051947	10	1.5708063267949	0	-7.99351689887012e-06	4.99212678517875e-06
101.672644705086	10	1.5708063267949	0	-7.96727227609022e-06	5.65474688711575e-06
102.373835358224	10	1.5708063267949	0	-7.8904886657622e-06	6.32938303724313e-06
103.075026011363	10	1.5708063267949	0	-7.76147489498774e-06	7.01195432451375e-06
103.776216664501	10	1.5708063267949	0	-7.57890997938282e-06	7.69821782567071e-06
104.47740731764	10	1.5708063267949	0	-7.34185387226791e-06	8.38380455030083e-06
105.178597970778	10	1.5708063267949	0	-7.04975503837177e-06	9.06425590069344e-06
105.879788623917	10	1.5708063267949	0	-6.7024543159959e-06	9.73505971722584e-06
106.580979277056	10	1.5708063267949	0	-6.30018568215973e-06	1.03916861356806e-05
107.282169930194	10	1.5708063267949	0	-5.84357377274687e-06	1.10296226892281e-05
107.983360583333	10	1.5708063267949	0	-5.33362839176836e-06	1.16444084846277e-05
108.684551236471	10	1.5708063267949	0	-4.77173615063572e-06	1.22316671562302e-05
109.38574188961	10	1.5708063267949	0	-4.15964945284622e-06	1.27871384172807e-05
110.086932542748	10	1.5708063267949	0	-3.49947304804478e-06	1.33067081040768e-05
110.788123195887	10	1.5708063267949	0	-2.79364839314351e-06	1.37864368672397e-05
111.489313849025	10	1.5708063267949	0	-2.04493574828832e-06	1.42225863653289e-05
112.190504502164	10	1.5708063267949	0	-1.25639456134073e-06	1.46116438907802e-05
112.891695155302	10	1.5708063267949	0	-4.31362180033921e-07	1.49503449183714e-05
113.592885808441	10	1.5708063267949	0	4.26568889797972e-07	1.52356935098297e-05
114.294076461579	10	1.5708063267949	0	1.31357496934084e-06	1.546498053716e-05
114.995267114718	10	1.5708063267949	0	2.22562620942678e-06	1.56357995258111e-05
115.696457767856	10	1.5708063267949	0	3.15851242935488e-06	1.5746060478058e-05
116.397648420995	10	1.5708063267949	0	4.10786964572813e-06	1.57940015068682e-05
117.098839074133	10	1.5708063267949	0	5.06920690441465e-06	1.57781976004511e-05
117.800029727272	10	1.5708063267949	0	6.0379336801907e-06	1.56975683512346e-05
118.50122038041	10	1.5708063267949	0	7.00938705422465e-06	1.55513822040167e-05
119.202411033549	10	1.5708063267949	0	7.9788591409372e-06	1.53392595725033e-05
119.903601686687	10	1.5708063267949	0	8.94162387710408e-06	1.50611728724756e-05
120.604792339826	10	1.5708063267949	0	9.89296418582513e-06	1.4717445980675e-05
121.305982992965	10	1.5708063267949	0	1.08281977524264e-05	1.43087500365149e-05
122.007173646103	10	1.5708063267949	0	1.1742703034162e-05	1.38360988412982e-05
122.708364299242	10	1.5708063267949	0	1.26319438735326e-05	1.33008414179823e-05
123.40955495238	10	1.5708063267949	0	1.34914934859598e-05	1.27046532904571e-05
124.110745605519	10	1.5708063267949	0	1.43170580273242e-05	1.20495265986335e-05
124.811936258657	10	1.5708063267949	0	1.51044980713411e-05	1.13377576440757e-05
125.513126911796	10	1.5708063267949	0	1.58498500824578e-05	1.05719340860213e-05
126.214317564934	10	1.5708063267949	0	1.65493458313576e-05	9.75492005007618e-06
126.915508218073	10	1.5708063267949	0	1.71994311818717e-05	8.8898405187838e-06
127.616698871211	10	1.5708063267949	0	1.77967832468082e-05	7.98006435543591e-06
128.31788952435	10	1.5708063267949	0	1.8338326200946e-05	7.02918636191417e-06
129.019080177488	10	1.5708063267949	0	1.88212459085515e-05	6.0410085262133e-06
129.720270830627	10	1.5708063267949	0	1.92430030374113e-05	5.01952039661473e-06
130.421461483765	10	1.5708063267949	0	1.96013442933146e-05	3.96887865805507e-06
131.122652136904	10	1.5708063267949	0	1.98943129998252e-05	2.8933863574773e-06
131.823842790042	10	1.5708063267949	0	2.01202575090783e-05	1.79747141775647e-06
132.525033443181	10	1.5708063267949	0	2.02778383953096e-05	6.8566483822684e-07
133.226224096319	10	1.5708063267949	0	2.03660339357968e-05	-4.37421424208879e-07
133.927414749458	10	1.5708063267949	0	2.03841444677137e-05	-1.56711676649902e-06
134.628605402596	10	1.5708063267949	0	2.03317947409551e-05	-2.69871438084804e-06
135.329796055735	10	1.5708063267949	0	2.02089352515573e-05	-3.82749372756082e-06
136.030986708873	10	1.5708063267949	0	2.00158415743709e-05	-4.94874289127432e-06
136.732177362012	10	1.5708063267949	0	1.9753112803995e-05	-6.05778086176286e-06
137.43336801515	10	1.5708063267949	0	1.94216680718861e-05	-7.14997950186242e-06
138.134558668289	10	1.5708063267949	0	1.9022741991695e-05	-8.22078527722047e-06
138.835749321428	10	1.5708063267949	0	1.85578782714243e-05	-9.26574042634558e-06
139.536939974566	10	1.5708063267949	0	1.80289226382183e-05	-1.02805039221205e-05
140.238130627705	10	1.5708063267949	0	1.74380135630772e-05	-1.12608714805482e-05
140.939321280843	10	1.5708063267949	0	1.6787572667913e-05	-1.2202795430026e-05
141.640511933982	10	1.5708063267949	0	1.60802928856685e-05	-1.31024033023158e-05
142.34170258712	10	1.5708063267949	0	1.53191263867961e-05	-1.39560162726377e-05
143.042893240259	10	1.5708063267949	0	1.45072704162194e-05	-1.47601660777329e-05
143.744083893397	10	1.5708063267949	0	1.36481528724603e-05	-1.55116117017686e-05
144.445274546536	10	1.5708063267949	0	1.27454161132274e-05	-1.6207354448982e-05
145.146465199674	10	1.5708063267949	0	1.18029002881396e-05	-1.68446524756193e-05
145.847655852813	10	1.5708063267949	0	1.08246254070992e-05	-1.74210338813088e-05
146.548846505951	10	1.5708063267949	0	9.81477275064089e-06	-1.79343089215563e-05
147.25003715909	10	1.5708063267949	0	8.77766520361322e-06	-1.83825805954913e-05
147.951227812228	10	1.5708063267949	0	7.71774715321079e-06	-1.87642544519034e-05
148.652418465367	10	1.5708063267949	0	6.63956345761618e-06	-1.90780466196487e-05
149.353609118505	10	1.5708063267949	0	5.54773802383901e-06	-1.93229908960174e-05
150.054799771644	10	1.5708063267949	0	4.44695167958948e-06	-1.94984439550139e-05
150.755990424782	10	1.5708063267949	0	3.34191975812147e-06	-1.96040894519519e-05
151.457181077921	10	1.5708063267949	0	2.23736927486203e-06	-1.96399404800779e-05
152.15837173106	10	1.5708063267949	0	1.13801585749032e-06	-1.96063405221608e-05
152.859562384198	10	1.5708063267949	0	4.85405105641941e-08	-1.95039627991238e-05
153.560753037337	10	1.5708063267949	0	-1.02643367394273e-06	-1.93338079886594e-05
154.261943690475	10	1.5708063267949	0	-2.08236477271449e-06	-1.90972005596765e-05
154.963134343614	10	1.5708063267949	0	-3.11481515121755e-06	-1.87957831581797e-05
155.664324996752	10	1.5708063267949	0	-4.11947431285665e-06	-1.84315094815569e-05
156.365515649891	10	1.5708063267949	0	-5.09218144001811e-06	-1.80066357210579e-05
157.066706303029	10	1.5708063267949	0	-6.02894734556853e-06	-1.75237098131868e-05
157.767896956168	10	1.5708063267949	0	-6.9259760343789e-06	-1.69855598795448e-05
158.469087609306	10	1.5708063267949	0	-7.77968520781907e-06	-1.63952799232544e-05
159.170278262445	10	1.5708063267949	0	-8.58672645147578e-06	-1.57562153774497e-05
159.871468915583	10	1.5708063267949	0	-9.34400394082793e-06	-1.50719456915808e-05
160.572659568722	10	1.5708063267949	0	-1.00486922587133e-05	-1.43462660558046e-05
161.27385022186	10	1.5708063267949	0	-1.06982533031193e-05	-1.35831680283346e-05
161.975040874999	10	1.5708063267949	0	-1.12904511997317e-05	-1.27868177429284e-05
162.676231528137	10	1.5708063267949	0	-1.18233666415755e-05	-1.19615340373583e-05
163.377422181276	10	1.5708063267949	0	-1.22954087411951e-05	-1.11117641284203e-05
164.078612834414	10	1.5708063267949	0	-1.27053258053032e-05	-1.02420589431623e-05
164.779803487553	10	1.5708063267949	0	-1.3052214036942e-05	-9.35704708115239e-06
165.480994140692	10	1.5708063267949	0	-1.33355245188357e-05	-8.46140801768547e-06
166.18218479383	10	1.5708063267949	0	-1.35550676431038e-05	-7.55984413898901e-06
166.883375446969	10	1.5708063267949	0	-1.37110162602913e-05	-6.65705271521354e-06
167.584566100107	10	1.5708063267949	0	-1.38039057262949e-05	-5.75769677614292e-06
168.285756753246	10	1.5708063267949	0	-1.38346322263354e-05	-4.86637602808086e-06
168.986947406384	10	1.5708063267949	0	-1.38044482747703e-05	-3.98759739231035e-06
169.688138059523	10	1.5708063267949	0	-1.37149562787874e-05	-3.12574578057447e-06
170.389328712661	10	1.5708063267949	0	-1.35680992105655e-05	-2.28505492127643e-06
171.0905193658	10	1.5708063267949	0	-1.33661486988779e-05	-1.46957865815413e-06
171.791710018938	10	1.5708063267949	0	-1.31116907969531e-05	-6.83162975386452e-07
172.492900672077	10	1.5708063267949	0	-1.28076094838535e-05	7.05811132679035e-08
173.194091325215	10	1.5708063267949	0	-1.24570666089459e-05	7.8830362471206e-07
173.895281978354	10	1.5708063267949	0	-1.20634806559582e-05	1.46694020859975e-06
174.596472631492	10	1.5708063267949	0	-1.1630502128225e-05	2.10373520228159e-06
175.297663284631	10	1.5708063267949	0	-1.11619867545473e-05	2.69626275156767e-06
175.998853937769	10	1.5708063267949	0	-1.06619670968425e-05	3.24244594390523e-06
176.700044590908	10	1.5708063267949	0	-1.0134621091567e-05	3.74057341824392e-06
177.401235244046	10	1.5708063267949	0	-9.58423955936407e-06	4.18931355512179e-06
178.102425897185	10	1.5708063267949	0	-9.01519127655248e-06	4.58772564152175e-06
178.803616550323	10	1.5708063267949	0	-8.43188698954793e-06	4.93526809627694e-06
179.504807203462	10	1.5708063267949	0	-7.83874198267294e-06	5.23180335842311e-06
180.205997856601	10	1.5708063267949	0	-7.24013745667733e-06	5.47759913115762e-06
180.907188509739	10	1.5708063267949	0	-6.64038197203193e-06	5.67332643579823e-06
181.608379162878	10	1.5708063267949	0	-6.04367148813685e-06	5.82005315152529e-06
182.309569816016	10	1.5708063267949	0	-5.45405038334217e-06	5.91923425408745e-06
183.010760469155	10	1.5708063267949	0	-4.87537197690274e-06	5.97269720993902e-06
183.711951122293	10	1.5708063267949	0	-4.31126106417253e-06	5.98262438749232e-06
184.413141775432	10	1.5708063267949	0	-3.76507639465565e-06	5.9515299549785e-06
185.11433242857	10	1.5708063267949	0	-3.23987576274446e-06	5.88223348879945e-06
185.815523081709	10	1.5708063267949	0	-2.73838337875303e-06	5.77782987525093e-06
186.516713734847	10	1.5708063267949	0	-2.26295884935073e-06	5.64165338132801e-06
187.217904387986	10	1.5708063267949	0	-1.81557102341774e-06	5.47724089835963e-06
187.919095041124	10	1.5708063267949	0	-1.39777367846337e-06	5.28828795304548e-06
188.620285694263	10	1.5708063267949	0	-1.01068717190967e-06	5.07860550024395e-06
189.321476347401	10	1.5708063267949	0	-6.54983049269465e-07	4.85206893540489e-06
190.02266700054	10	1.5708063267949	0	-3.30875526969897e-07	4.61257051676494e-06
190.723857653678	10	1.5708063267949	0	-3.81169843565739e-08	4.3639634609506e-06
191.425048306817	10	1.5708063267949	0	2.23999425855856e-07	4.1100091888098e-06
192.126238959955	10	1.5708063267949	0	4.56631264632813e-07	3.85432195284558e-06
192.827429613094	10	1.5708063267949	0	6.61371438116067e-07	3.60031254884289e-06
193.528620266233	10	1.5708063267949	0	8.40225846488865e-07	3.35113439913303e-06
194.229810919371	10	1.5708063267949	0	9.95583740670704e-07	3.10962928979392e-06
194.931001572509	10	1.5708063267949	0	1.13018092960468e-06	2.87827700570029e-06
195.632192225648	10	1.5708063267949	0	1.24705545296621e-06	2.65914702014662e-06
196.333382878787	10	1.5708063267949	0	1.34949553561864e-06	2.45385394670033e-06
197.034573531925	10	1.5708063267949	0	1.44098122923463e-06	2.26352072334447e-06
197.735764185064	10	1.5708063267949	0	1.5251183008883e-06	2.08874572679603e-06
198.436954838202	10	1.5708063267949	0	1.60556643602906e-06	1.92957928935098e-06
199.138145491341	10	1.5708063267949	0	1.68595982407937e-06	1.78550628786083e-06
199.839336144479	10	1.5708063267949	0	1.7698238849294e-06	1.65544141618277e-06
200.540526797618	10	1.5708063267949	0	1.8604901610768e-06	1.53773765683125e-06
201.241717450756	10	1.5708063267949	0	1.96099657258356e-06	1.43019530752584e-06
201.942908103895	10	1.5708063267949	0	2.07400102239273e-06	1.33010202850534e-06
202.644098757033	10	1.5708063267949	0	2.20168241510005e-06	1.23427469990755e-06
203.345289410172	10	1.5708063267949	0	2.34564107213891e-06	1.13911894149144e-06
204.04648006331	10	1.5708063267949	0	2.50680623924694e-06	1.04071038268873e-06
204.747670716449	10	1.5708063267949	0	2.685346395608e-06	9.34893108278927e-07
205.448861369587	10	1.5708063267949	0	2.88056904386721e-06	8.1739182751812e-07
206.150052022726	10	1.5708063267949	0	3.0908468337592e-06	6.83956711374862e-07
206.851242675864	10	1.5708063267949	0	3.3135332803454e-06	5.30524491419546e-07
207.552433329003	10	1.5708063267949	0	3.54486596356389e-06	3.53406613349697e-07
208.253623982141	10	1.5708063267949	0	3.77992403166106e-06	1.49522751909157e-07
208.95481463528	10	1.5708063267949	0	4.01251025351113e-06	-8.33377888180551e-08
209.656005288418	10	1.5708063267949	0	4.23505431795808e-06	-3.46184737407694e-07
210.357195941557	10	1.5708063267949	0	4.4384508460937e-06	-6.38408916022299e-07
211.058386594695	10	1.5708063267949	0	4.61173052454216e-06	-9.57206022025901e-07
211.759577247834	10	1.5708063267949	0	4.74136753211152e-06	-1.29667929637376e-06
212.460767900973	10	1.5708063267949	0	4.80958859847296e-06	-1.64618179077852e-06
213.161958554111	10	1.5708063267949	0	4.80428097825538e-06	-1.9921754385603e-06
213.86314920725	10	1.5708063267949	0	4.61884894362605e-06	-2.27284425306858e-06
214.564339860388	10	1.5708063267949	0	4.37245089002254e-06	-2.5140882826502e-06
215.265530513527	10	1.5708063267949	0	4.07925643943749e-06	-2.71138015088655e-06
215.966721166665	10	1.5708063267949	0	3.75871389175586e-06	-2.86700880453562e-06
216.667911819804	10	1.5708063267949	0	3.42479233081935e-06	-2.9842089006129e-06
217.369102472942	10	1.5708063267949	0	3.08810686034599e-06	-3.06723161968219e-06
218.070293126081	10	1.5708063267949	0	2.7566742954919e-06	-3.12110001940483e-06
218.771483779219	10	1.5708063267949	0	2.43642659039285e-06	-3.15147121737156e-06
219.472674432358	10	1.5708063267949	0	2.13139732741627e-06	-3.16435112617664e-06
220.173865085496	10	1.5708063267949	0	1.84393093715876e-06	-3.16591068675533e-06
220.875055738635	10	1.5708063267949	0	1.5748131957547e-06	-3.16226350948928e-06
221.576246391773	10	1.5708063267949	0	1.32340254733836e-06	-3.15926581727157e-06
222.277437044912	10	1.5708063267949	0	1.08776518861025e-06	-3.16233801847415e-06
222.978627698051	10	1.5708063267949	0	8.6480971308629e-07	-3.17628783936238e-06
223.679818351189	10	1.5708063267949	0	6.50436897553811e-07	-3.20516268397284e-06
224.381009004327	10	1.5708063267949	0	4.3969691735464e-07	-3.25211368735004e-06
225.082199657466	10	1.5708063267949	0	2.26958752826671e-07	-3.31929230655441e-06
225.783390310605	10	1.5708063267949	0	6.08521732377779e-09	-3.40775258903521e-06
226.484580963743	10	1.5708063267949	0	-2.29382422093447e-07	-3.51739140406166e-06
227.185771616882	10	1.5708063267949	0	-4.86036405100196e-07	-3.64690698013338e-06
227.88696227002	10	1.5708063267949	0	-7.70411629171706e-07	-3.79378148434641e-06
228.588152923159	10	1.5708063267949	0	-1.0887963600744e-06	-3.95429541506956e-06
229.289343576297	10	1.5708063267949	0	-1.44704498046274e-06	-4.12355811324567e-06
229.990534229436	10	1.5708063267949	0	-1.8503982371337e-06	-4.29557034752062e-06
230.691724882574	10	1.5708063267949	0	-2.30331252909174e-06	-4.463308084921e-06
231.392915535713	10	1.5708063267949	0	-2.80930070795227e-06	-4.61882801680181e-06
232.094106188851	10	1.5708063267949	0	-3.37078882955953e-06	-4.75339649611362e-06
232.79529684199	10	1.5708063267949	0	-3.98898893218779e-06	-4.85763514745851e-06
233.496487495128	10	1.5708063267949	0	-4.66379302401704e-06	-4.921685837674e-06
234.197678148267	10	1.5708063267949	0	-5.39368730699164e-06	-4.93538796903802e-06
234.898868801405	10	1.5708063267949	0	-6.17569168776217e-06	-4.88846947668563e-06
235.600059454544	10	1.5708063267949	0	-7.00532223506046e-06	-4.77074449774229e-06
236.301250107682	10	1.5708063267949	0	-7.87658120976094e-06	-4.57231817566086e-06
237.002440760821	10	1.5708063267949	0	-8.78197361561649e-06	-4.28379331534083e-06
237.703631413959	10	1.5708063267949	0	-9.71255007134814e-06	-3.89647554136294e-06
238.404822067098	10	1.5708063267949	0	-1.06579764229429e-05	-3.40257413005297e-06
239.106012720236	10	1.5708063267949	0	-1.16066311550909e-05	-2.79539551690527e-06
239.807203373375	10	1.5708063267949	0	-1.25457258667091e-05	-2.06952478738962e-06
240.508394026513	10	1.5708063267949	0	-1.34614517402697e-05	-1.22099350165899e-06
241.209584679652	10	1.5708063267949	0	-1.43391461661536e-05	-2.47429733986672e-07
241.910775332791	10	1.5708063267949	0	-1.5163481301045e-05	8.5181169856986e-07
242.611965985929	10	1.5708063267949	0	-1.59186688336635e-05	2.07554186629565e-06
243.313156639068	10	1.5708063267949	0	-1.65886798576287e-05	3.42065511259318e-06
244.014347292206	10	1.5708063267949	0	-1.71574765578535e-05	4.88207318035961e-06
244.715537945345	10	1.5708063267949	0	-1.76092520817417e-05	6.45271750464463e-06
245.416728598483	10	1.5708063267949	0	-1.79286752844504e-05	8.1235106992914e-06
246.117919251622	10	1.5708063267949	0	-1.81011374789708e-05	9.8834082366711e-06
246.81910990476	10	1.5708063267949	0	-1.81129955044198e-05	1.17194596282439e-05
247.520300557899	10	1.5708063267949	0	-1.79518106488823e-05	1.36169003680036e-05
248.221491211037	10	1.5708063267949	0	-1.76065761082956e-05	1.55592720500229e-05
248.922681864176	10	1.5708063267949	0	-1.70679328249331e-05	1.75285715098246e-05
249.623872517314	10	1.5708063267949	0	-1.63283676839331e-05	1.95054257247558e-05
250.325063170453	10	1.5708063267949	0	-1.5382392375652e-05	2.14692914994622e-05
251.026253823591	10	1.5708063267949	0	-1.42266995490386e-05	2.33986773844049e-05
251.72744447673	10	1.5708063267949	0	-1.28602935374787e-05	2.52713850965468e-05
252.428635129868	10	1.5708063267949	0	-1.12845931990534e-05	2.70647671450753e-05
253.129825783007	10	1.5708063267949	0	-9.50350511049711e-06	2.87559975299142e-05
253.831016436145	10	1.5708063267949	0	-7.52346576224081e-06	3.03223527572072e-05
254.532207089284	10	1.5708063267949	0	-5.35345097452087e-06	3.17414979071471e-05
255.233397742423	10	1.5708063267949	0	-3.00495244942692e-06	3.29917751556148e-05
255.934588395561	10	1.5708063267949	0	-4.91921029782548e-07	3.40524911017537e-05
256.6357790487	10	1.5708063267949	0	2.16932327654317e-06	3.49041970999205e-05
257.336969701838	10	1.5708063267949	0	4.9602135508465e-06	3.5528961800095e-05
258.038160354977	10	1.5708063267949	0	7.8600895140232e-06	3.59106286884694e-05
258.739351008115	10	1.5708063267949	0	1.0846380810588e-05	3.60350581623991e-05
259.440541661254	10	1.5708063267949	0	1.38948178522395e-05	3.58903482366632e-05
260.141732314392	10	1.5708063267949	0	1.69796681174356e-05	3.5467032616961e-05
260.842922967531	10	1.5708063267949	0	2.00739949535272e-05	3.47582520485345e-05
261.544113620669	10	1.5708063267949	0	2.31499357118372e-05	3.37598966307198e-05
262.245304273808	10	1.5708063267949	0	2.61789964529669e-05	3.24707178556937e-05
262.946494926946	10	1.5708063267949	0	2.913235879329e-05	3.08924070619054e-05
263.647685580085	10	1.5708063267949	0	3.19811958959933e-05	2.90296403097412e-05
264.348876233223	10	1.5708063267949	0	3.46969933598142e-05	2.68900880946942e-05
265.050066886362	10	1.5708063267949	0	3.72518709997475e-05	2.448438951487e-05
265.7512575395	10	1.5708063267949	0	3.96189017620675e-05	2.18260911031187e-05
266.452448192639	10	1.5708063267949	0	4.17724235468925e-05	1.89315505556746e-05
267.153638845777	10	1.5708063267949	0	4.36883403827907e-05	1.58198064711762e-05
267.854829498916	10	1.5708063267949	0	4.53444085888116e-05	1.25124151385804e-05
268.556020152054	10	1.5708063267949	0	4.67205050677317e-05	9.0332565014351e-06
269.257210805193	10	1.5708063267949	0	4.77988740229131e-05	5.4083111953523e-06
269.958401458331	10	1.5708063267949	0	4.85643484332387e-05	1.66541115090096e-06
270.65959211147	10	1.5708063267949	0	4.90045447519536e-05	-2.16603315918007e-06
271.360782764608	10	1.5708063267949	0	4.9110027283143e-05	-6.05532596185731e-06
272.061973417747	10	1.5708063267949	0	4.88744402043914e-05	-9.97079635060578e-06
272.763164070885	10	1.5708063267949	0	4.82946061846719e-05	-1.38801218168961e-05
273.464354724024	10	1.5708063267949	0	4.73705898130839e-05	-1.77506614247248e-05
274.165545377163	10	1.5708063267949	0	4.61057248699467e-05	-2.15497946575958e-05
274.866736030301	10	1.5708063267949	0	4.45066053284043e-05	-2.52452620619211e-05
275.56792668344	10	1.5708063267949	0	4.25830398216851e-05	-2.88055036429648e-05
276.269117336578	10	1.5708063267949	0	4.03479700735677e-05	-3.21999910488008e-05
276.970307989717	10	1.5708063267949	0	3.78173542801756e-05	-3.5399549753755e-05
277.671498642855	10	1.5708063267949	0	3.50100165137207e-05	-3.83766673485885e-05
278.372689295994	10	1.5708063267949	0	3.19474639087355e-05	-4.11057843323338e-05
279.073879949132	10	1.5708063267949	0	2.8653674031206e-05	-4.35635644573674e-05
279.775070602271	10	1.5708063267949	0	2.51548539094726e-05	-4.57291403218315e-05
280.476261255409	10	1.5708063267949	0	2.14791749011415e-05	-4.75843331719933e-05
