0	10	1.5708063267949	0	0.000121176478523411	-0
2.11643806736624	10	1.5708063267949	0	0.000115109967303794	-3.98048155148426e-05
4.23287613473231	10	1.5708063267949	0	9.72638428947078e-05	-7.5961710535094e-05
6.34931420209847	10	1.5708063267949	0	6.8950052150196e-05	-0.000104619671080089
8.46575226946475	10	1.5708063267949	0	3.29946764483955e-05	-0.000121974119786772
10.582190336831	10	1.5708063267949	0	-5.90039460150716e-06	-0.000125143012977425
12.6986284041969	10	1.5708063267949	0	-4.15170474709118e-05	-0.000113409862306353
14.8150664715631	10	1.5708063267949	0	-6.74288965217521e-05	-8.92045075641274e-05
16.9315045389299	10	1.5708063267949	0	-7.89606230159895e-05	-5.81182319342758e-05
19.0479426062955	10	1.5708063267949	0	-7.50156677162402e-05	-2.75841136100963e-05
21.1643806736618	10	1.5708063267949	0	-5.88387015167518e-05	-4.48917137380249e-06
23.2808187410287	10	1.5708063267949	0	-3.71163840620621e-05	7.38535536826824e-06
25.3972568083945	10	1.5708063267949	0	-1.75326575104897e-05	8.91887546149998e-06
27.513694875761	10	1.5708063267949	0	-5.64866877441489e-06	5.25574307806194e-06
29.6301329431267	10	1.5708063267949	0	-2.39458670796881e-06	3.06766806290121e-06
31.7465710104929	10	1.5708063267949	0	-3.08178249356815e-06	4.63106791728232e-06
33.8630090778589	10	1.5708063267949	0	-1.95752538405043e-06	2.39857680524634e-06
35.9794471452255	10	1.5708063267949	0	-2.02168029015352e-06	5.19434592022707e-06
38.0958852125921	10	1.5708063267949	0	-2.40871711102878e-07	1.27866335343682e-05
40.2123232799587	10	1.5708063267949	0	4.91574238521936e-06	2.13874498186473e-05
42.3287613473252	10	1.5708063267949	0	1.26283843336239e-05	2.76899949041659e-05
44.4451994146912	10	1.5708063267949	0	2.09115719846664e-05	3.00782676877043e-05
46.5616374820577	10	1.5708063267949	0	2.77690928629776e-05	2.85549320080963e-05
48.6780755494244	10	1.5708063267949	0	3.18467401095467e-05	2.41596182253368e-05
50.7945136167912	10	1.5708063267949	0	3.26115438520469e-05	1.83387623181091e-05
52.9109516841569	10	1.5708063267949	0	3.0235245251846e-05	1.24768147405746e-05
55.0273897515235	10	1.5708063267949	0	2.53545401461815e-05	7.63521378159941e-06
57.1438278188915	10	1.5708063267949	0	1.88241844878471e-05	4.46427742149593e-06
59.2602658862554	10	1.5708063267949	0	1.15213099139074e-05	3.22793963733664e-06
61.3767039536219	10	1.5708063267949	0	4.21808315977372e-06	3.88563456583752e-06
63.4931420209912	10	1.5708063267949	0	-2.48324330525384e-06	6.19106326023502e-06
65.6095800883615	10	1.5708063267949	0	-8.16832529477309e-06	9.78381572996742e-06
67.7260181557225	10	1.5708063267949	0	-1.25984960313436e-05	1.42625789743371e-05
69.842456223096	10	1.5708063267949	0	-1.56823967917251e-05	1.92370524292647e-05
71.9588942904605	10	1.5708063267949	0	-1.74416716717341e-05	2.43603632335701e-05
74.0753323578246	10	1.5708063267949	0	-1.79772281785109e-05	2.93458165275317e-05
76.1917704251988	10	1.5708063267949	0	-1.74396293985649e-05	3.39722486551238e-05
78.3082084925675	10	1.5708063267949	0	-1.60051204283912e-05	3.80818384401797e-05
80.4246465599294	10	1.5708063267949	0	-1.38574892729853e-05	4.1573474162564e-05
82.541084627299	10	1.5708063267949	0	-1.11752363318895e-05	4.43939613170716e-05
84.6575226946538	10	1.5708063267949	0	-8.12319560942927e-06	4.65286328973079e-05
86.7739607620179	10	1.5708063267949	0	-4.84766716503077e-06	4.79923445439704e-05
88.8903988294104	10	1.5708063267949	0	-1.47417597909706e-06	4.8821406311807e-05
91.0068368967705	10	1.5708063267949	0	1.89290511273795e-06	4.90667029711266e-05
93.1232749641486	10	1.5708063267949	0	5.16948663275135e-06	4.8788058824982e-05
95.2397130314983	10	1.5708063267949	0	8.29012571807656e-06	4.80497848180323e-05
97.3561510988799	10	1.5708063267949	0	1.12059755575114e-05	4.69172821021705e-05
99.4725891662207	10	1.5708063267949	0	1.38825726255016e-05	4.54545491681046e-05
101.589027233601	10	1.5708063267949	0	1.62976322865643e-05	4.37224356685297e-05
103.705465300968	10	1.5708063267949	0	1.84389616511306e-05	4.17774954370626e-05
105.821903368339	10	1.5708063267949	0	2.03025531974558e-05	3.96713075217315e-05
107.938341435688	10	1.5708063267949	0	2.18908904360657e-05	3.74501530605673e-05
110.054779503102	10	1.5708063267949	0	2.32114748280007e-05	3.51549549207982e-05
112.171217570467	10	1.5708063267949	0	2.42755687739414e-05	3.28214048195428e-05
114.287655637838	10	1.5708063267949	0	2.50971406672958e-05	3.04802183225278e-05
116.404093705187	10	1.5708063267949	0	2.56919931885215e-05	2.81574715668725e-05
118.520531772543	10	1.5708063267949	0	2.60770539127188e-05	2.58749846676603e-05
120.636969839947	10	1.5708063267949	0	2.62698070175601e-05	2.36507258210711e-05
122.753407907259	10	1.5708063267949	0	2.62878457653888e-05	2.1499217354924e-05
124.869845974662	10	1.5708063267949	0	2.61485269582651e-05	1.94319306142225e-05
126.986284042002	10	1.5708063267949	0	2.58687104320532e-05	1.74576609267918e-05
129.102722109415	10	1.5708063267949	0	2.54645686769795e-05	1.55828772142568e-05
131.219160176723	10	1.5708063267949	0	2.4951453624679e-05	1.38120432580185e-05
133.335598244119	10	1.5708063267949	0	2.43438094964791e-05	1.21479094147942e-05
135.452036311443	10	1.5708063267949	0	2.36551223413919e-05	1.05917748721047e-05
137.568474378901	10	1.5708063267949	0	2.28978983570465e-05	9.14372136938371e-06
139.684912446189	10	1.5708063267949	0	2.20836645085522e-05	7.80281993169618e-06
141.801350513617	10	1.5708063267949	0	2.12229860031035e-05	6.56731244716469e-06
143.917788580983	10	1.5708063267949	0	2.03254962806846e-05	5.43477015928761e-06
146.034226648281	10	1.5708063267949	0	1.93999359391475e-05	4.40223116414431e-06
148.150664715751	10	1.5708063267949	0	1.84541977521034e-05	3.46631900208923e-06
150.267102783022	10	1.5708063267949	0	1.74953755264462e-05	2.62334435212066e-06
152.383540850471	10	1.5708063267949	0	1.65298150173745e-05	1.86939171849512e-06
154.499978917854	10	1.5708063267949	0	1.55631655161988e-05	1.20039286899664e-06
156.616416985201	10	1.5708063267949	0	1.46004310949984e-05	6.12188641316496e-07
158.732855052474	10	1.5708063267949	0	1.36460206752956e-05	1.00580577575545e-07
160.849293119973	10	1.5708063267949	0	1.27037964002449e-05	-3.3862628680168e-07
162.96573118721	10	1.5708063267949	0	1.17771198718709e-05	-7.09588301611481e-07
165.082169254692	10	1.5708063267949	0	1.08688960094394e-05	-1.01639469541079e-06
167.198607322084	10	1.5708063267949	0	9.98161436312197e-06	-1.26304475302717e-06
169.315045389454	10	1.5708063267949	0	9.11738780609711e-06	-1.45342985816353e-06
171.431483456811	10	1.5708063267949	0	8.27798859751196e-06	-1.59131968149002e-06
173.547921524098	10	1.5708063267949	0	7.46488184710319e-06	-1.68035188562616e-06
175.664359591515	10	1.5708063267949	0	6.67925645058767e-06	-1.72402479872229e-06
177.780797658895	10	1.5708063267949	0	5.92205359402558e-06	-1.72569258100941e-06
179.897235726277	10	1.5708063267949	0	5.19399294467648e-06	-1.68856247445422e-06
182.013673793519	10	1.5708063267949	0	4.49559663303884e-06	-1.61569377448089e-06
184.130111860946	10	1.5708063267949	0	3.827211183348e-06	-1.50999822517679e-06
186.246549928348	10	1.5708063267949	0	3.18902750716764e-06	-1.37424157124705e-06
188.362987995704	10	1.5708063267949	0	2.58109908690959e-06	-1.21104603927781e-06
190.479426063004	10	1.5708063267949	0	2.00335850029391e-06	-1.02289356476954e-06
192.595864130422	10	1.5708063267949	0	1.45563238969112e-06	-8.12129594467681e-07
194.712302197881	10	1.5708063267949	0	9.37655010864006e-07	-5.80967331857032e-07
196.828740265135	10	1.5708063267949	0	4.49080460782659e-07	-3.31492302685343e-07
198.945178332606	10	1.5708063267949	0	-1.05062867707495e-08	-6.56671533849561e-08
201.06161639982	10	1.5708063267949	0	-4.41579459299549e-07	2.14663410884293e-07
203.17805446734	10	1.5708063267949	0	-8.44663563682903e-07	5.07767606119479e-07
205.29449253471	10	1.5708063267949	0	-1.22032539205613e-06	8.12021532595211e-07
207.410930602017	10	1.5708063267949	0	-1.56916685642411e-06	1.12590415602318e-06
209.527368669331	10	1.5708063267949	0	-1.89181859329177e-06	1.44799235489356e-06
211.643806736684	10	1.5708063267949	0	-2.1889342572476e-06	1.77695605636894e-06
213.760244804082	10	1.5708063267949	0	-2.46118544509756e-06	2.11155348837085e-06
215.87668287151	10	1.5708063267949	0	-2.70925718442416e-06	2.45062656011539e-06
217.993120938927	10	1.5708063267949	0	-2.93384394295513e-06	2.79309639345946e-06
220.109559006258	10	1.5708063267949	0	-3.13564610142707e-06	3.13795900874768e-06
222.225997073479	10	1.5708063267949	0	-3.31536684631421e-06	3.48428117301459e-06
224.342435141025	10	1.5708063267949	0	-3.4737094428651e-06	3.83119641631192e-06
226.458873208282	10	1.5708063267949	0	-3.61137484849422e-06	4.17790121567629e-06
228.575311275751	10	1.5708063267949	0	-3.72905963746011e-06	4.52365135313733e-06
230.691749342965	10	1.5708063267949	0	-3.82745419520986e-06	4.86775843392128e-06
232.808187410495	10	1.5708063267949	0	-3.90724116923232e-06	5.20958658073261e-06
234.924625477808	10	1.5708063267949	0	-3.96909413486463e-06	5.54854928112349e-06
237.041063545035	10	1.5708063267949	0	-4.01367646600523e-06	5.88410640081531e-06
239.157501612532	10	1.5708063267949	0	-4.04164038111694e-06	6.21576134713555e-06
241.273939679954	10	1.5708063267949	0	-4.05362614941152e-06	6.5430583825869e-06
243.390377747332	10	1.5708063267949	0	-4.05026143828362e-06	6.86558008124841e-06
245.506815814695	10	1.5708063267949	0	-4.03216078907079e-06	7.18294492634591e-06
247.62325388206	10	1.5708063267949	0	-3.99992520326387e-06	7.4948050375557e-06
249.73969194943	10	1.5708063267949	0	-3.95414182804152e-06	7.80084402434809e-06
251.856130016795	10	1.5708063267949	0	-3.89538373268387e-06	8.10077496567319e-06
253.972568084138	10	1.5708063267949	0	-3.82420975977459e-06	8.39433849954445e-06
256.08900615143	10	1.5708063267949	0	-3.74116444628391e-06	8.68130102504555e-06
258.205444218715	10	1.5708063267949	0	-3.64677800607082e-06	8.96145301189152e-06
260.321882286221	10	1.5708063267949	0	-3.54156636265392e-06	9.23460740413493e-06
262.43832035362	10	1.5708063267949	0	-3.4260312297802e-06	9.5005981220544e-06
264.554758420843	10	1.5708063267949	0	-3.30066023163908e-06	9.75927865368086e-06
266.671196488314	10	1.5708063267949	0	-3.16592705612006e-06	1.00105207268229e-05
268.78763455569	10	1.5708063267949	0	-3.0222916400681e-06	1.02542130676374e-05
270.90407262297	10	1.5708063267949	0	-2.87020037721805e-06	1.04902602280027e-05
273.020510690442	10	1.5708063267949	0	-2.71008635005319e-06	1.07185814925378e-05
275.136948757696	10	1.5708063267949	0	-2.54236957690167e-06	1.09391098437516e-05
277.253386825158	10	1.5708063267949	0	-2.36745727584105e-06	1.11517909989501e-05
279.369824892493	10	1.5708063267949	0	-2.18574413983651e-06	1.13565825034624e-05
281.486262959804	10	1.5708063267949	0	-1.9976126214346e-06	1.15534528815279e-05
283.602701027278	10	1.5708063267949	0	-1.80343322497505e-06	1.17423808404597e-05
285.719139094555	10	1.5708063267949	0	-1.60356480428741e-06	1.19233545249448e-05
287.835577161889	10	1.5708063267949	0	-1.39835486388259e-06	1.20963708176295e-05
289.952015229361	10	1.5708063267949	0	-1.18813986335985e-06	1.22614346903475e-05
292.068453296723	10	1.5708063267949	0	-9.73245521320164e-07	1.24185585858802e-05
294.184891364009	10	1.5708063267949	0	-7.53987120519402e-07	1.25677618519924e-05
296.301329431291	10	1.5708063267949	0	-5.30669810865556e-07	1.27090702028607e-05
298.417767498748	10	1.5708063267949	0	-3.03588910902704e-07	1.28425152219345e-05
300.534205566165	10	1.5708063267949	0	-7.30302062233534e-08	1.29681338929277e-05
302.650643633553	10	1.5708063267949	0	1.60729755516436e-07	1.30859681641286e-05
304.767081700922	10	1.5708063267949	0	3.97423373598802e-07	1.31960645433925e-05
306.883519768284	10	1.5708063267949	0	6.3679170776582e-07	1.32984737161263e-05
308.999957835644	10	1.5708063267949	0	8.78584196607454e-07	1.33932501922619e-05
311.116395903006	10	1.5708063267949	0	1.12255838111121e-06	1.34804519752718e-05
313.232833970371	10	1.5708063267949	0	1.36847963396838e-06	1.35601402575523e-05
315.349272037739	10	1.5708063267949	0	1.61612089424514e-06	1.36323791318532e-05
317.465710105106	10	1.5708063267949	0	1.86526240800183e-06	1.3697235325084e-05
319.582148172468	10	1.5708063267949	0	2.11569147539223e-06	1.37547779540992e-05
321.698586239818	10	1.5708063267949	0	2.36720220313674e-06	1.38050782930557e-05
323.815024307151	10	1.5708063267949	0	2.61959526363996e-06	1.38482095615182e-05
325.931462374462	10	1.5708063267949	0	2.87267766023442e-06	1.38842467272925e-05
328.04790044179	10	1.5708063267949	0	3.12626249851138e-06	1.39132663231714e-05
330.16433850923	10	1.5708063267949	0	3.38016876408202e-06	1.39353462786721e-05
332.280776576643	10	1.5708063267949	0	3.63422110603742e-06	1.39505657627033e-05
334.39721464401	10	1.5708063267949	0	3.8882496267453e-06	1.39590050394448e-05
336.513652711323	10	1.5708063267949	0	4.14208967823735e-06	1.39607453376399e-05
338.630090778617	10	1.5708063267949	0	4.39558166369431e-06	1.39558687272078e-05
340.746528846076	10	1.5708063267949	0	4.6485708451791e-06	1.39444580074655e-05
342.862966913467	10	1.5708063267949	0	4.90090715709285e-06	1.39265966048795e-05
344.979404980776	10	1.5708063267949	0	5.1524450258122e-06	1.39023684806637e-05
347.095843048111	10	1.5708063267949	0	5.40304319365872e-06	1.38718580434943e-05
349.212281115553	10	1.5708063267949	0	5.65256454971957e-06	1.38351500741345e-05
351.328719182894	10	1.5708063267949	0	5.90087596565961e-06	1.37923296562047e-05
353.445157250188	10	1.5708063267949	0	6.1478481356693e-06	1.37434821111528e-05
355.561595317641	10	1.5708063267949	0	6.39335542302689e-06	1.36886929437444e-05
357.67803338498	10	1.5708063267949	0	6.637275710755e-06	1.36280477916599e-05
359.794471452305	10	1.5708063267949	0	6.87949025757904e-06	1.35616323815176e-05
361.910909519736	10	1.5708063267949	0	7.11988355806676e-06	1.34895324895952e-05
364.027347587039	10	1.5708063267949	0	7.35834320831052e-06	1.34118339095687e-05
366.143785654438	10	1.5708063267949	0	7.59475977474235e-06	1.33286224222309e-05
368.260223721812	10	1.5708063267949	0	7.82902666908713e-06	1.32399837735438e-05
370.376661789123	10	1.5708063267949	0	8.06104002606615e-06	1.31460036539283e-05
372.49309985655	10	1.5708063267949	0	8.29069858643871e-06	1.30467676838769e-05
374.609537923845	10	1.5708063267949	0	8.51790358216932e-06	1.29423614005518e-05
376.725975991271	10	1.5708063267949	0	8.74255862888069e-06	1.28328702531041e-05
378.842414058601	10	1.5708063267949	0	8.96456961846071e-06	1.27183795961231e-05
380.958852125987	10	1.5708063267949	0	9.18384461819675e-06	1.25989746903918e-05
383.075290193344	10	1.5708063267949	0	9.40029377100365e-06	1.2474740703479e-05
385.191728260704	10	1.5708063267949	0	9.61382920305734e-06	1.23457627185315e-05
387.308166328078	10	1.5708063267949	0	9.82436493030905e-06	1.22121257397887e-05
389.424604395426	10	1.5708063267949	0	1.0031816771545e-05	1.20739147052467e-05
391.541042462807	10	1.5708063267949	0	1.02361022626111e-05	1.1931214499246e-05
393.657480530151	10	1.5708063267949	0	1.04371405774514e-05	1.17841099720307e-05
395.773918597534	10	1.5708063267949	0	1.06348524463735e-05	1.16326859546844e-05
397.89035666488	10	1.5708063267949	0	1.08291600838955e-05	1.1477027284195e-05
400.006794732259	10	1.5708063267949	0	1.10199871141804e-05	1.13172188245215e-05
402.12323279961	10	1.5708063267949	0	1.12072585033672e-05	1.11533454943982e-05
404.239670866984	10	1.5708063267949	0	1.13909004915487e-05	1.09854922937796e-05
406.356108934341	10	1.5708063267949	0	1.15708405299615e-05	1.08137443349903e-05
408.472547001709	10	1.5708063267949	0	1.17470072204823e-05	1.06381868752916e-05
410.588985069071	10	1.5708063267949	0	1.19193302563975e-05	1.04589053501602e-05
412.705423136434	10	1.5708063267949	0	1.20877403677595e-05	1.02759854103025e-05
414.8218612038	10	1.5708063267949	0	1.22521692679317e-05	1.00895129592711e-05
416.93829927116	10	1.5708063267949	0	1.2412549603069e-05	9.89957419333149e-06
419.054737338527	10	1.5708063267949	0	1.25688149070993e-05	9.70625564548803e-06
421.171175405888	10	1.5708063267949	0	1.27208995500877e-05	9.50964422411821e-06
423.287613473252	10	1.5708063267949	0	1.28687387045259e-05	9.30982726552166e-06
425.404051540618	10	1.5708063267949	0	1.30122682976888e-05	9.1068925754997e-06
427.520489607977	10	1.5708063267949	0	1.31514249789847e-05	8.90092848227807e-06
429.636927675351	10	1.5708063267949	0	1.32861460804189e-05	8.69202388440933e-06
431.753365742703	10	1.5708063267949	0	1.34163695894423e-05	8.48026830736097e-06
433.869803810081	10	1.5708063267949	0	1.35420341148106e-05	8.26575195537538e-06
435.986241877428	10	1.5708063267949	0	1.36630788603052e-05	8.04856576889485e-06
438.102679944808	10	1.5708063267949	0	1.37794436009964e-05	7.82880148361272e-06
440.219118012154	10	1.5708063267949	0	1.38910686593096e-05	7.60655168978587e-06
442.335556079535	10	1.5708063267949	0	1.39978948858304e-05	7.38190989468224e-06
444.451994146881	10	1.5708063267949	0	1.40998636437668e-05	7.15497058745144e-06
446.568432214262	10	1.5708063267949	0	1.41969167915051e-05	6.92582930342404e-06
448.684870281608	10	1.5708063267949	0	1.42889966742935e-05	6.6945826937963e-06
450.80130834899	10	1.5708063267949	0	1.43760461142186e-05	6.46132859481195e-06
452.917746416334	10	1.5708063267949	0	1.44580084025354e-05	6.22616609895516e-06
455.03418448372	10	1.5708063267949	0	1.45348273005644e-05	5.98919563063224e-06
457.150622551058	10	1.5708063267949	0	1.46064470366591e-05	5.75051902084592e-06
459.267060618455	10	1.5708063267949	0	1.46728123097912e-05	5.51023958556306e-06
461.383498685781	10	1.5708063267949	0	1.47338682981649e-05	5.26846220694931e-06
463.499936753197	10	1.5708063267949	0	1.47895606664014e-05	5.02529341482832e-06
465.616374820504	10	1.5708063267949	0	1.48398355795738e-05	4.78084147190553e-06
467.732812887939	10	1.5708063267949	0	1.48846397219339e-05	4.53521646134557e-06
469.849250955231	10	1.5708063267949	0	1.49239203135946e-05	4.28853037503267e-06
471.965689022641	10	1.5708063267949	0	1.49576251397606e-05	4.04089720670296e-06
474.08212708997	10	1.5708063267949	0	1.49857025741933e-05	3.79243304475232e-06
476.198565157338	10	1.5708063267949	0	1.50081016153614e-05	3.5432561697977e-06
478.315003224732	10	1.5708063267949	0	1.50247719207976e-05	3.29348715316023e-06
480.431441292045	10	1.5708063267949	0	1.5035663852202e-05	3.04324895934738e-06
482.547879359488	10	1.5708063267949	0	1.50407285172756e-05	2.79266704920196e-06
484.664317426783	10	1.5708063267949	0	1.50399178247641e-05	2.54186948765724e-06
486.780755494152	10	1.5708063267949	0	1.50331845391397e-05	2.29098705269694e-06
488.897193561581	10	1.5708063267949	0	1.50204823427122e-05	2.04015334766017e-06
491.013631628862	10	1.5708063267949	0	1.50017659036831e-05	1.7895049161842e-06
493.130069696256	10	1.5708063267949	0	1.49769909521401e-05	1.53918135999304e-06
495.246507763669	10	1.5708063267949	0	1.49461143567426e-05	1.28932545893201e-06
497.362945830952	10	1.5708063267949	0	1.49090942148063e-05	1.0400832944794e-06
499.479383898335	10	1.5708063267949	0	1.48658899442423e-05	7.91604375462396e-07
501.595821965804	10	1.5708063267949	0	1.48164623867652e-05	5.44041767046992e-07
503.712260033066	10	1.5708063267949	0	1.47607739170661e-05	2.97552222256061e-07
505.828698100401	10	1.5708063267949	0	1.4698788559339e-05	5.22963161861446e-08
507.945136167812	10	1.5708063267949	0	1.46304721152477e-05	-1.91561416741875e-07
510.061574235262	10	1.5708063267949	0	1.45557922978069e-05	-4.33852342996549e-07
512.178012302536	10	1.5708063267949	0	1.44747188795993e-05	-6.74403587466814e-07
514.294450369857	10	1.5708063267949	0	1.43872238445215e-05	-9.13037888351007e-07
516.410888437226	10	1.5708063267949	0	1.42932815570461e-05	-1.14957344951258e-06
518.527326504632	10	1.5708063267949	0	1.41928689389539e-05	-1.38382379042471e-06
520.643764572061	10	1.5708063267949	0	1.40859656591219e-05	-1.6155975937865e-06
522.760202639436	10	1.5708063267949	0	1.39725543357619e-05	-1.84469855092295e-06
524.876640706748	10	1.5708063267949	0	1.38526207532779e-05	-2.07092520535708e-06
526.993078774077	10	1.5708063267949	0	1.37261540926371e-05	-2.29407079453117e-06
529.10951684142	10	1.5708063267949	0	1.35931471741381e-05	-2.5139230894931e-06
531.225954908773	10	1.5708063267949	0	1.34535967214506e-05	-2.7302642341202e-06
533.342392976132	10	1.5708063267949	0	1.33075036372887e-05	-2.94287058254258e-06
535.458831043495	10	1.5708063267949	0	1.31548732987238e-05	-3.1515125361375e-06
537.575269110861	10	1.5708063267949	0	1.29957158746578e-05	-3.35595438112967e-06
539.691707178231	10	1.5708063267949	0	1.28300466535949e-05	-3.5559541241561e-06
541.80814524561	10	1.5708063267949	0	1.26578864033923e-05	-3.75126333109093e-06
543.924583313003	10	1.5708063267949	0	1.24792617456373e-05	-3.94162696538559e-06
546.04102138042	10	1.5708063267949	0	1.22942055557302e-05	-4.12678322884062e-06
548.157459447857	10	1.5708063267949	0	1.21027573882585e-05	-4.30646340525898e-06
550.27389751513	10	1.5708063267949	0	1.19049639238838e-05	-4.48039170593702e-06
552.390335582423	10	1.5708063267949	0	1.17008794529244e-05	-4.64828512280017e-06
554.506773649772	10	1.5708063267949	0	1.14905663741022e-05	-4.80985328172416e-06
556.623211717207	10	1.5708063267949	0	1.12740957399284e-05	-4.96479830844148e-06
558.739649784649	10	1.5708063267949	0	1.10515478179202e-05	-5.1128146956261e-06
560.856087851879	10	1.5708063267949	0	1.08230126991623e-05	-5.25358918448863e-06
562.972525919258	10	1.5708063267949	0	1.05885909326013e-05	-5.38680065268095e-06
565.088963986761	10	1.5708063267949	0	1.03483942034795e-05	-5.51212001710387e-06
567.205402053961	10	1.5708063267949	0	1.01025460497268e-05	-5.62921015031622e-06
569.321840121429	10	1.5708063267949	0	9.85118261686607e-06	-5.73772581151556e-06
571.43827818872	10	1.5708063267949	0	9.59445346019558e-06	-5.83731359726793e-06
573.554716256128	10	1.5708063267949	0	9.33252239397431e-06	-5.92761191435788e-06
575.671154323447	10	1.5708063267949	0	9.06556838287331e-06	-6.00825097226668e-06
577.787592390904	10	1.5708063267949	0	8.7937864943639e-06	-6.07885280896448e-06
579.904030458149	10	1.5708063267949	0	8.51738889314946e-06	-6.13903133958503e-06
582.020468525652	10	1.5708063267949	0	8.23660590008427e-06	-6.18839244477373e-06
584.136906592945	10	1.5708063267949	0	7.95168710656667e-06	-6.22653409488534e-06
586.253344660245	10	1.5708063267949	0	7.66290254904017e-06	-6.25304651628112e-06
588.369782727678	10	1.5708063267949	0	7.37054395081234e-06	-6.26751240746818e-06
590.486220795174	10	1.5708063267949	0	7.07492602781052e-06	-6.26950720635715e-06
592.602658862452	10	1.5708063267949	0	6.77638786343233e-06	-6.25859941599088e-06
594.719096929755	10	1.5708063267949	0	6.47529436142989e-06	-6.23435100122243e-06
596.835534997094	10	1.5708063267949	0	6.17203776585465e-06	-6.19631785110496e-06
598.951973064452	10	1.5708063267949	0	5.86703926499965e-06	-6.14405032780096e-06
601.068411131821	10	1.5708063267949	0	5.56075067712229e-06	-6.07709390710437e-06
603.184849199205	10	1.5708063267949	0	5.25365620964332e-06	-5.99498990838124e-06
605.301287266619	10	1.5708063267949	0	4.94627431703631e-06	-5.89727634834725e-06
607.417725334085	10	1.5708063267949	0	4.63915963793492e-06	-5.78348890804726e-06
609.534163401371	10	1.5708063267949	0	4.33290502208291e-06	-5.6531620341982e-06
611.650601468643	10	1.5708063267949	0	4.02814365096288e-06	-5.50583019214996e-06
613.767039536064	10	1.5708063267949	0	3.72555124912903e-06	-5.34102928101322e-06
615.883477603495	10	1.5708063267949	0	3.42584838781661e-06	-5.15829822900256e-06
617.999915670743	10	1.5708063267949	0	3.1298028767273e-06	-4.95718078134845e-06
620.116353738279	10	1.5708063267949	0	2.83823225371944e-06	-4.73722751643013e-06
622.232791805483	10	1.5708063267949	0	2.55200635624714e-06	-4.4979980912203e-06
624.349229872913	10	1.5708063267949	0	2.27204998023793e-06	-4.23906375301404e-06
626.46566794034	10	1.5708063267949	0	1.9993456198504e-06	-3.96001014012527e-06
628.582106007592	10	1.5708063267949	0	1.73493627665552e-06	-3.66044039077794e-06
630.698544074946	10	1.5708063267949	0	1.47992834164104e-06	-3.33997861246253e-06
632.814982142339	10	1.5708063267949	0	1.23549452003918e-06	-2.99827370715077e-06
634.931420209724	10	1.5708063267949	0	1.00287680594808e-06	-2.63500362828066e-06
637.047858277084	10	1.5708063267949	0	7.83389476196281e-07	-2.24988008077607e-06
639.164296344425	10	1.5708063267949	0	5.78422084818412e-07	-1.84265370647656e-06
641.280734411786	10	1.5708063267949	0	3.89442440122046e-07	-1.41311981705803e-06
643.397172479232	10	1.5708063267949	0	2.17999525310383e-07	-9.61124698393881e-07
645.513610546619	10	1.5708063267949	0	6.57263329180512e-08	-4.86572551602808e-07
647.63004861389	10	1.5708063267949	0	-6.56574305904996e-08	1.05668774044993e-08
649.746486681399	10	1.5708063267949	0	-1.7434282188854e-07	5.30249929381247e-07
651.862924748645	10	1.5708063267949	0	-2.58429376519987e-07	1.07234985751178e-06
653.979362816012	10	1.5708063267949	0	-3.15923133287499e-07	1.63664678753702e-06
656.09580088347	10	1.5708063267949	0	-3.44735047344869e-07	2.22281674275068e-06
658.212238950903	10	1.5708063267949	0	-3.42679886628411e-07	2.8304196682822e-06
660.328677018252	10	1.5708063267949	0	-3.07475720621116e-07	3.45888638479905e-06
662.445115085617	10	1.5708063267949	0	-2.36744126990617e-07	4.10750438854596e-06
664.561553152894	10	1.5708063267949	0	-1.28011264338753e-07	4.77540245177368e-06
666.677991220205	10	1.5708063267949	0	2.12900232510708e-08	5.46153391187465e-06
668.794429287688	10	1.5708063267949	0	2.13816873547121e-07	6.16465862842651e-06
670.910867354947	10	1.5708063267949	0	4.52311624441192e-07	6.88332350116301e-06
673.027305422438	10	1.5708063267949	0	7.39595328534978e-07	7.61584152945323e-06
675.14374348975	10	1.5708063267949	0	1.07855927184713e-06	8.36026933979997e-06
677.260181557079	10	1.5708063267949	0	1.47215416854791e-06	9.1143831860555e-06
679.376619624453	10	1.5708063267949	0	1.92337665052227e-06	9.87565337659169e-06
681.493057691877	10	1.5708063267949	0	2.43525263034915e-06	1.06412171896915e-05
683.609495759225	10	1.5708063267949	0	3.01081705304416e-06	1.14078503103098e-05
685.725933826536	10	1.5708063267949	0	3.65308949461495e-06	1.21719368991515e-05
687.842371893953	10	1.5708063267949	0	4.36504499939358e-06	1.2929438458779e-05
689.958809961373	10	1.5708063267949	0	5.14957947853609e-06	1.36758617380534e-05
692.075248028701	10	1.5708063267949	0	6.00946891159314e-06	1.4406225992635e-05
694.191686096094	10	1.5708063267949	0	6.94732152077914e-06	1.51150300553121e-05
696.308124163442	10	1.5708063267949	0	7.96552200075593e-06	1.57962197910374e-05
698.424562230749	10	1.5708063267949	0	9.06616680307357e-06	1.64431566795919e-05
700.541000298172	10	1.5708063267949	0	1.02509894082967e-05	1.7048588499475e-05
702.657438365582	10	1.5708063267949	0	1.15212744272129e-05	1.76046232934219e-05
704.773876432945	10	1.5708063267949	0	1.28777593404785e-05	1.81027081398625e-05
706.890314500283	10	1.5708063267949	0	1.43205226221113e-05	1.85336145630881e-05
709.006752567597	10	1.5708063267949	0	1.58488570181109e-05	1.88874328814963e-05
711.123190635009	10	1.5708063267949	0	1.74611267691233e-05	1.91535782516368e-05
713.239628702417	10	1.5708063267949	0	1.91546077003541e-05	1.93208117805523e-05
715.356066769755	10	1.5708063267949	0	2.09253092816716e-05	1.93772807283191e-05
717.472504837075	10	1.5708063267949	0	2.27677780921206e-05	1.93105826143182e-05
719.588942904502	10	1.5708063267949	0	2.4674882607491e-05	1.91078589256977e-05
721.705380971887	10	1.5708063267949	0	2.66375799027145e-05	1.87559251017208e-05
723.82181903923	10	1.5708063267949	0	2.86446658481523e-05	1.82414445797841e-05
725.938257106556	10	1.5708063267949	0	3.0682511652704e-05	1.75511558370513e-05
728.054695173933	10	1.5708063267949	0	3.27347913774264e-05	1.66721626006438e-05
730.171133241297	10	1.5708063267949	0	3.47822072890821e-05	1.55922985849091e-05
732.287571308687	10	1.5708063267949	0	3.68022229218216e-05	1.43005792435882e-05
734.404009376033	10	1.5708063267949	0	3.87688174285727e-05	1.2787753861944e-05
736.520447443408	10	1.5708063267949	0	4.0652279572078e-05	1.10469717510144e-05
738.636885510801	10	1.5708063267949	0	4.24190655151426e-05	9.0745759823316e-06
740.753323578188	10	1.5708063267949	0	4.40317517436569e-05	6.87103668235431e-06
742.869761645517	10	1.5708063267949	0	4.54491229432252e-05	4.4420327981951e-06
744.986199712917	10	1.5708063267949	0	4.66264445355962e-05	1.79968576938379e-06
747.102637780262	10	1.5708063267949	0	4.75159809116166e-05	-1.03606023097171e-06
749.219075847642	10	1.5708063267949	0	4.80678324473483e-05	-4.0359301257304e-06
751.335513915018	10	1.5708063267949	0	4.82311768402552e-05	-7.1597196988011e-06
753.451951982363	10	1.5708063267949	0	4.79560115279356e-05	-1.03546721023725e-05
755.568390049751	10	1.5708063267949	0	4.71955018935348e-05	-1.35539304716361e-05
757.684828117102	10	1.5708063267949	0	4.59090413016611e-05	-1.66752162124012e-05
759.801266184474	10	1.5708063267949	0	4.40661185849979e-05	-1.96199440530084e-05
761.917704251839	10	1.5708063267949	0	4.16510594631288e-05	-2.22730606754401e-05
764.034142319217	10	1.5708063267949	0	3.86686506350175e-05	-2.45039826632233e-05
766.150580386569	10	1.5708063267949	0	3.51505561067481e-05	-2.61691071360316e-05
768.267018453937	10	1.5708063267949	0	3.11622791312809e-05	-2.7116464707146e-05
770.383456521304	10	1.5708063267949	0	2.68101920459532e-05	-2.71931600736869e-05
772.499894588674	10	1.5708063267949	0	2.22478330268589e-05	-2.62562679432547e-05
774.616332656051	10	1.5708063267949	0	1.7680242556209e-05	-2.41877702722911e-05
776.732770723408	10	1.5708063267949	0	1.33645881304008e-05	-2.09138599837987e-05
778.849208790781	10	1.5708063267949	0	9.60474233962966e-06	-1.64283957176149e-05
780.965646858145	10	1.5708063267949	0	6.73693484613527e-06	-1.0819348283538e-05
783.082084925511	10	1.5708063267949	0	5.10328679521414e-06	-4.29560537124895e-06
785.19852299288	10	1.5708063267949	0	5.01028970427833e-06	2.79058749777245e-06
787.314961060248	10	1.5708063267949	0	6.67062039260699e-06	9.93292505407947e-06
789.431399127613	10	1.5708063267949	0	1.01297816797715e-05	1.64823304675482e-05
791.547837194981	10	1.5708063267949	0	1.51847102383875e-05	2.1692712383341e-05
793.664275262348	10	1.5708063267949	0	2.1310289621728e-05	2.48135551254019e-05
795.780713329714	10	1.5708063267949	0	2.76214190157565e-05	2.52364856436464e-05
797.897151397081	10	1.5708063267949	0	3.29107438309029e-05	2.26888727942233e-05
800.013589464447	10	1.5708063267949	0	3.5809587720726e-05	1.74407593796805e-05
802.130027531814	10	1.5708063267949	0	3.51108881092388e-05	1.04509122426916e-05
804.24646559918	10	1.5708063267949	0	3.0250909375602e-05	3.33082437157376e-06
806.362903666547	10	1.5708063267949	0	2.18516886591838e-05	-2.02268026878894e-06
808.479341733913	10	1.5708063267949	0	1.20693039858665e-05	-4.22941093762646e-06
810.59577980128	10	1.5708063267949	0	4.30102267175929e-06	-3.54536651543226e-06
812.712217868646	10	1.5708063267949	0	1.66569056117019e-06	-2.60970306369076e-06
814.828655936012	10	1.5708063267949	0	3.43424545672605e-06	-4.375908552487e-06
816.945094003379	10	1.5708063267949	0	2.16444331351891e-06	-3.2341637517308e-06
819.061532070744	10	1.5708063267949	0	3.22453925577006e-06	-7.00946786847735e-06
821.17797013811	10	1.5708063267949	0	2.98554376693621e-06	-1.94429150183353e-05
823.294408205477	10	1.5708063267949	0	-4.59826493925439e-06	-3.75636179913959e-05
825.410846272844	10	1.5708063267949	0	-2.26730131617964e-05	-5.44800874977134e-05
827.527284340209	10	1.5708063267949	0	-4.96698359205578e-05	-6.26190156974727e-05
829.643722407576	10	1.5708063267949	0	-7.99052387799099e-05	-5.68125134684259e-05
831.760160474942	10	1.5708063267949	0	-0.000105822792959653	-3.61335958433618e-05
833.876598542308	10	1.5708063267949	0	-0.000120705693036978	-3.94940089327756e-06
835.993036609674	10	1.5708063267949	0	-0.00012070616780794	3.355010291649e-05
838.10947467704	10	1.5708063267949	0	-0.000105527032846342	6.9500934585237e-05
840.225912744407	10	1.5708063267949	0	-7.77943037636385e-05	9.82213396884775e-05
842.342350811773	10	1.5708063267949	0	-4.17164372021809e-05	0.000116147214659226
844.458788879139	10	1.5708063267949	0	-1.79121108322345e-06	0.00012178472593969
846.575226946505	10	1.5708063267949	0	3.79132279841734e-05	0.000115092684785589
